t120_15
100.0 120 40
46.5
25.8
27.7
36.7
27.9
35.4
44.3
26.1
29.6
47.9
25.1
27.0
37.2
30.6
32.2
44.3
25.0
30.7
44.6
25.8
29.6
48.7
25.0
26.3
44.6
25.1
30.3
46.3
26.7
27.0
47.2
26.1
26.7
42.6
27.1
30.3
48.4
25.2
26.4
36.3
27.4
36.3
42.2
27.4
30.4
47.3
26.0
26.7
36.2
25.2
38.6
46.9
25.7
27.4
42.6
27.1
30.3
45.8
25.5
28.7
37.3
26.2
36.5
38.7
27.6
33.7
36.2
30.5
33.3
44.3
25.5
30.2
40.8
27.0
32.2
37.8
29.2
33.0
47.2
25.1
27.7
48.3
25.1
26.6
38.7
27.9
33.4
40.4
26.4
33.2
44.0
25.0
31.0
41.1
27.2
31.7
40.0
25.6
34.4
43.3
28.2
28.5
45.3
26.6
28.1
42.5
26.9
30.6
48.2
25.6
26.2
38.6
29.4
32.0
35.7
28.0
36.3
40.0
27.8
32.2
