t120_10
100.0 120 40
47.1
25.7
27.2
45.9
26.9
27.2
44.2
26.6
29.2
42.1
27.9
30.0
42.6
25.0
32.4
38.3
30.5
31.2
49.2
25.3
25.5
37.7
28.4
33.9
47.9
25.7
26.4
42.1
28.2
29.7
42.5
25.5
32.0
36.2
27.0
36.8
37.8
27.7
34.5
47.8
25.7
26.5
35.6
29.8
34.6
43.6
26.6
29.8
40.7
28.7
30.6
41.5
28.2
30.3
45.2
26.3
28.5
38.5
26.9
34.6
35.5
30.6
33.9
40.2
29.7
30.1
43.8
26.5
29.7
40.8
28.7
30.5
49.5
25.1
25.4
48.8
25.5
25.7
42.1
25.0
32.9
42.7
28.1
29.2
49.5
25.1
25.4
39.0
29.4
31.6
35.2
28.7
36.1
44.1
25.1
30.8
37.6
26.9
35.5
38.5
27.3
34.2
39.0
25.8
35.2
46.2
26.2
27.6
49.1
25.1
25.8
35.5
31.5
33.0
40.7
27.4
31.9
47.4
25.8
26.8
