t120_04
100.0 120 40
37.3
26.7
36.0
43.2
27.9
28.9
46.2
26.3
27.5
48.0
25.4
26.6
48.8
25.2
26.0
48.4
25.5
26.1
41.4
26.5
32.1
46.4
26.6
27.0
37.0
28.0
35.0
45.2
27.2
27.6
44.6
26.9
28.5
44.7
26.7
28.6
43.0
25.6
31.4
46.5
26.3
27.2
47.3
25.9
26.8
40.9
28.8
30.3
49.9
25.0
25.1
48.3
25.2
26.5
38.4
28.3
33.3
48.4
25.1
26.5
48.1
25.7
26.2
40.1
29.8
30.1
39.6
28.9
31.5
38.2
25.0
36.8
41.0
25.6
33.4
49.7
25.0
25.3
35.9
31.7
32.4
42.4
25.1
32.5
35.7
30.6
33.7
39.6
25.4
35.0
46.9
25.8
27.3
39.1
27.4
33.5
42.6
27.8
29.6
43.4
26.8
29.8
49.1
25.1
25.8
46.0
26.1
27.9
40.3
28.9
30.8
43.6
26.6
29.8
35.0
32.2
32.8
41.9
26.9
31.2
