t120_11
100.0 120 40
41.2
27.5
31.3
46.5
26.4
27.1
44.9
26.4
28.7
45.6
26.8
27.6
40.1
28.8
31.1
40.0
27.5
32.5
39.9
26.9
33.2
47.2
26.2
26.6
43.5
25.7
30.8
36.5
25.8
37.7
49.3
25.1
25.6
48.8
25.2
26.0
38.3
28.8
32.9
38.5
26.6
34.9
44.3
27.7
28.0
48.3
25.6
26.1
44.3
26.5
29.2
49.9
25.0
25.1
35.4
29.6
35.0
49.1
25.3
25.6
35.5
26.8
37.7
36.0
29.7
34.3
46.3
25.6
28.1
37.4
30.0
32.6
37.2
29.1
33.7
40.0
25.3
34.7
42.2
26.8
31.0
39.5
26.7
33.8
45.0
26.2
28.8
42.4
26.6
31.0
40.8
29.1
30.1
49.3
25.2
25.5
37.2
30.8
32.0
39.3
26.3
34.4
48.5
25.1
26.4
40.0
29.5
30.5
42.9
27.5
29.6
46.5
26.2
27.3
37.8
26.1
36.1
49.1
25.1
25.8
