t120_14
100.0 120 40
38.4
27.6
34.0
44.3
27.5
28.2
41.8
28.0
30.2
43.0
26.1
30.9
47.0
25.9
27.1
42.1
26.6
31.3
38.6
26.4
35.0
37.3
25.4
37.3
35.6
26.2
38.2
49.6
25.0
25.4
39.0
26.0
35.0
38.4
28.0
33.6
35.7
31.1
33.2
48.6
25.6
25.8
36.5
31.6
31.9
36.3
28.4
35.3
44.5
26.1
29.4
49.6
25.0
25.4
47.0
26.1
26.9
35.8
25.4
38.8
48.9
25.1
26.0
39.6
27.3
33.1
49.6
25.1
25.3
45.3
25.7
29.0
40.5
28.9
30.6
41.4
25.7
32.9
44.2
27.1
28.7
43.3
25.4
31.3
41.6
25.6
32.8
49.4
25.1
25.5
48.4
25.1
26.5
40.5
25.9
33.6
48.6
25.6
25.8
41.8
27.3
30.9
41.2
28.3
30.5
40.2
28.9
30.9
45.0
25.2
29.8
40.4
25.3
34.3
44.4
26.7
28.9
36.9
30.2
32.9
