t120_12
100.0 120 40
38.3
27.8
33.9
39.1
26.1
34.8
35.7
27.3
37.0
49.5
25.0
25.5
49.2
25.1
25.7
44.7
27.2
28.1
37.5
29.6
32.9
37.7
28.3
34.0
47.3
25.0
27.7
49.5
25.0
25.5
45.7
25.0
29.3
39.5
28.2
32.3
48.6
25.0
26.4
35.8
25.4
38.8
40.0
27.1
32.9
46.0
26.0
28.0
44.6
26.0
29.4
44.7
26.0
29.3
35.6
26.9
37.5
39.8
25.5
34.7
45.5
26.4
28.1
35.4
29.8
34.8
47.3
26.1
26.6
36.1
29.8
34.1
48.8
25.3
25.9
47.6
25.2
27.2
45.0
26.6
28.4
37.7
25.7
36.6
37.9
27.8
34.3
48.0
25.4
26.6
49.3
25.2
25.5
42.1
25.3
32.6
41.1
26.7
32.2
40.8
28.3
30.9
39.7
25.3
35.0
48.4
25.1
26.5
49.8
25.0
25.2
42.9
26.9
30.2
45.0
26.0
29.0
48.2
25.0
26.8
