t120_06
100.0 120 40
37.7
28.4
33.9
36.6
26.0
37.4
46.9
25.3
27.8
39.7
29.2
31.1
42.9
26.0
31.1
44.8
25.3
29.9
42.8
26.9
30.3
49.1
25.1
25.8
35.7
26.5
37.8
35.0
32.0
33.0
45.3
25.0
29.7
38.0
26.0
36.0
47.1
25.8
27.1
39.1
29.0
31.9
46.5
25.4
28.1
42.0
25.4
32.6
40.4
29.7
29.9
36.4
30.0
33.6
37.0
30.3
32.7
35.8
26.9
37.3
37.1
25.4
37.5
45.1
25.7
29.2
38.0
29.5
32.5
35.7
27.3
37.0
35.9
31.8
32.3
45.7
26.2
28.1
44.1
25.5
30.4
46.8
25.7
27.5
49.1
25.2
25.7
35.9
26.6
37.5
45.9
25.2
28.9
42.7
25.2
32.1
46.1
26.3
27.6
42.5
28.6
28.9
36.0
27.7
36.3
40.2
29.7
30.1
45.5
26.0
28.5
49.3
25.0
25.7
37.8
29.9
32.3
39.0
28.5
32.5
