t120_17
100.0 120 40
41.6
25.4
33.0
39.9
28.2
31.9
42.2
27.4
30.4
44.7
25.7
29.6
45.6
25.6
28.8
45.3
26.2
28.5
49.6
25.1
25.3
39.6
28.5
31.9
43.2
27.9
28.9
47.6
25.7
26.7
44.9
27.1
28.0
48.9
25.2
25.9
45.4
25.4
29.2
47.4
25.7
26.9
39.7
27.9
32.4
41.4
27.9
30.7
49.5
25.1
25.4
38.4
29.4
32.2
35.9
26.3
37.8
49.2
25.2
25.6
40.1
27.6
32.3
47.7
25.7
26.6
43.1
27.3
29.6
35.7
26.6
37.7
47.1
26.0
26.9
47.0
25.5
27.5
37.9
30.0
32.1
45.0
26.7
28.3
42.2
27.0
30.8
39.8
27.0
33.2
44.6
25.8
29.6
44.2
27.2
28.6
38.8
27.5
33.7
38.5
30.1
31.4
47.3
25.8
26.9
43.5
25.9
30.6
43.3
25.3
31.4
49.9
25.0
25.1
36.0
28.8
35.2
44.7
27.4
27.9
