t120_19
100.0 120 40
41.0
25.7
33.3
42.6
27.6
29.8
46.0
26.8
27.2
49.6
25.0
25.4
38.0
27.5
34.5
47.6
25.3
27.1
49.1
25.1
25.8
43.4
27.0
29.6
46.7
25.7
27.6
49.9
25.0
25.1
44.2
27.6
28.2
45.6
25.3
29.1
46.9
26.0
27.1
39.9
29.2
30.9
48.4
25.1
26.5
43.0
26.1
30.9
36.4
26.7
36.9
40.5
26.9
32.6
41.8
27.3
30.9
37.9
30.0
32.1
49.2
25.3
25.5
35.2
31.5
33.3
36.7
25.9
37.4
39.0
29.1
31.9
45.0
26.9
28.1
35.0
32.0
33.0
41.6
25.4
33.0
41.8
27.7
30.5
48.6
25.4
26.0
40.7
25.6
33.7
39.0
30.1
30.9
38.6
27.4
34.0
46.8
25.9
27.3
39.5
29.6
30.9
38.1
28.8
33.1
47.9
25.6
26.5
49.7
25.0
25.3
35.8
27.1
37.1
38.0
27.9
34.1
47.2
25.3
27.5
