t120_18
100.0 120 40
39.8
26.2
34.0
47.7
25.9
26.4
38.5
29.8
31.7
36.6
29.5
33.9
40.8
27.5
31.7
37.0
29.2
33.8
41.0
28.6
30.4
39.3
26.1
34.6
37.3
30.4
32.3
36.9
31.3
31.8
46.9
26.4
26.7
47.3
25.9
26.8
35.5
29.7
34.8
45.7
25.6
28.7
49.5
25.0
25.5
46.0
25.8
28.2
42.1
25.0
32.9
44.4
27.2
28.4
49.9
25.0
25.1
46.1
25.3
28.6
40.7
25.9
33.4
42.4
27.6
30.0
41.7
25.6
32.7
45.3
25.2
29.5
41.8
25.5
32.7
49.5
25.0
25.5
47.6
25.9
26.5
48.8
25.4
25.8
43.8
25.0
31.2
40.0
29.2
30.8
45.5
26.7
27.8
42.8
28.2
29.0
40.8
28.6
30.6
48.8
25.0
26.2
39.1
30.0
30.9
41.8
26.8
31.4
45.8
26.8
27.4
49.3
25.1
25.6
39.5
28.2
32.3
46.6
25.4
28.0
