t120_13
100.0 120 40
40.6
26.5
32.9
40.4
25.5
34.1
46.1
25.6
28.3
38.7
29.0
32.3
35.6
29.0
35.4
41.7
26.9
31.4
35.9
31.7
32.4
46.7
25.0
28.3
45.9
25.1
29.0
35.6
26.6
37.8
35.6
31.5
32.9
40.0
26.3
33.7
39.7
27.3
33.0
45.8
26.8
27.4
47.3
25.4
27.3
40.8
28.7
30.5
38.4
29.5
32.1
41.4
26.4
32.2
41.3
27.8
30.9
39.1
29.1
31.8
45.4
26.6
28.0
42.6
26.1
31.3
37.2
27.2
35.6
44.0
25.5
30.5
44.4
25.9
29.7
47.7
25.8
26.5
44.8
25.5
29.7
41.6
26.1
32.3
36.0
27.0
37.0
37.5
25.0
37.5
47.2
26.1
26.7
38.4
25.5
36.1
37.8
26.7
35.5
42.3
27.8
29.9
49.1
25.3
25.6
37.5
27.5
35.0
46.4
26.3
27.3
39.9
26.7
33.4
45.9
26.3
27.8
40.7
29.1
30.2
