t120_02
100.0 120 40
37.0
28.6
34.4
36.2
29.4
34.4
46.6
26.3
27.1
48.5
25.3
26.2
37.6
30.4
32.0
41.3
28.8
29.9
37.3
27.7
35.0
42.6
26.3
31.1
48.0
25.5
26.5
38.1
25.9
36.0
39.9
27.2
32.9
42.9
27.4
29.7
39.5
25.8
34.7
46.3
25.7
28.0
49.8
25.0
25.2
41.2
25.8
33.0
49.9
25.0
25.1
45.8
26.7
27.5
35.0
28.3
36.7
43.4
27.7
28.9
37.0
27.3
35.7
49.5
25.0
25.5
46.4
25.4
28.2
36.1
29.0
34.9
35.1
25.1
39.8
37.0
28.7
34.3
42.8
25.7
31.5
44.5
27.2
28.3
44.0
25.4
30.6
43.5
27.9
28.6
45.1
26.8
28.1
43.0
26.1
30.9
36.8
27.4
35.8
42.7
25.0
32.3
44.4
27.0
28.6
49.4
25.0
25.6
36.8
30.0
33.2
49.1
25.3
25.6
42.6
27.4
30.0
49.5
25.0
25.5
