t120_08
100.0 120 40
35.7
27.1
37.2
48.1
25.1
26.8
42.9
28.5
28.6
45.4
25.7
28.9
39.8
26.8
33.4
38.2
26.4
35.4
42.7
25.1
32.2
47.6
25.1
27.3
36.4
27.6
36.0
40.6
29.0
30.4
35.1
28.0
36.9
41.8
27.0
31.2
37.5
30.9
31.6
41.1
28.8
30.1
42.4
26.1
31.5
46.2
25.7
28.1
41.1
28.4
30.5
44.3
26.8
28.9
37.0
28.4
34.6
46.0
25.1
28.9
39.7
25.7
34.6
37.9
29.6
32.5
44.7
26.9
28.4
46.1
25.9
28.0
49.4
25.1
25.5
48.3
25.0
26.7
47.5
25.8
26.7
40.2
27.7
32.1
39.5
26.9
33.6
43.6
25.5
30.9
41.8
28.5
29.7
40.8
26.6
32.6
35.8
26.4
37.8
47.1
26.1
26.8
46.0
25.0
29.0
36.8
31.5
31.7
43.0
26.9
30.1
47.7
25.2
27.1
44.9
26.3
28.8
48.3
25.4
26.3
