t120_01
100.0 120 40
43.2
26.5
30.3
36.5
28.2
35.3
44.8
26.0
29.2
49.6
25.0
25.4
36.3
26.5
37.2
37.2
29.8
33.0
49.1
25.3
25.6
42.9
26.0
31.1
39.2
26.8
34.0
43.3
25.1
31.6
40.6
25.9
33.5
36.5
25.2
38.3
39.3
27.1
33.6
38.0
30.3
31.7
38.1
29.5
32.4
42.4
26.8
30.8
49.8
25.0
25.2
41.4
25.5
33.1
42.1
26.8
31.1
49.1
25.0
25.9
49.3
25.0
25.7
36.8
26.5
36.7
40.8
28.9
30.3
44.4
26.2
29.4
40.3
25.9
33.8
48.5
25.3
26.2
46.5
26.0
27.5
42.1
25.4
32.5
35.1
29.6
35.3
39.6
27.6
32.8
38.9
29.5
31.6
48.3
25.1
26.6
39.8
28.9
31.3
36.3
30.8
32.9
39.9
27.9
32.2
38.9
28.3
32.8
40.2
25.1
34.7
35.7
28.0
36.3
42.7
27.7
29.6
37.5
25.9
36.6
