t120_07
100.0 120 40
45.8
25.2
29.0
49.7
25.0
25.3
44.6
27.6
27.8
38.7
27.4
33.9
46.2
26.8
27.0
47.2
25.8
27.0
37.7
27.6
34.7
48.4
25.3
26.3
49.0
25.2
25.8
41.4
25.0
33.6
49.3
25.3
25.4
47.0
25.7
27.3
40.3
26.2
33.5
43.3
27.3
29.4
37.5
27.6
34.9
42.2
27.6
30.2
44.6
27.4
28.0
35.2
31.8
33.0
40.2
26.9
32.9
43.6
25.4
31.0
35.7
26.8
37.5
41.0
26.2
32.8
35.2
27.5
37.3
42.3
26.2
31.5
42.6
26.6
30.8
38.8
25.1
36.1
38.6
27.2
34.2
37.4
25.4
37.2
40.8
28.7
30.5
44.2
25.2
30.6
36.4
30.2
33.4
36.3
26.5
37.2
39.6
29.2
31.2
48.5
25.5
26.0
43.6
25.6
30.8
44.5
27.0
28.5
41.9
27.5
30.6
42.7
25.0
32.3
49.0
25.2
25.8
49.6
25.0
25.4
