t120_03
100.0 120 40
47.0
25.4
27.6
39.3
27.1
33.6
35.4
28.2
36.4
36.6
26.2
37.2
41.8
26.5
31.7
44.2
25.7
30.1
46.3
25.2
28.5
44.7
25.4
29.9
47.3
25.0
27.7
41.2
27.2
31.6
35.1
25.3
39.6
41.5
28.9
29.6
40.3
26.8
32.9
38.1
29.5
32.4
39.7
29.9
30.4
49.9
25.0
25.1
45.7
25.5
28.8
43.7
27.8
28.5
35.4
29.8
34.8
41.2
26.5
32.3
41.9
27.7
30.4
47.1
25.2
27.7
43.4
27.9
28.7
35.4
25.6
39.0
47.6
25.5
26.9
48.0
25.4
26.6
41.8
25.4
32.8
36.9
28.0
35.1
41.1
26.5
32.4
43.2
27.8
29.0
40.6
27.3
32.1
43.9
27.4
28.7
39.3
26.1
34.6
44.4
25.5
30.1
49.9
25.0
25.1
43.9
26.1
30.0
37.4
30.6
32.0
46.7
25.7
27.6
41.0
27.4
31.6
40.5
29.4
30.1
