t120_05
100.0 120 40
43.3
26.0
30.7
49.3
25.2
25.5
41.5
28.0
30.5
45.7
25.3
29.0
49.1
25.1
25.8
37.5
25.4
37.1
40.2
28.9
30.9
41.0
27.5
31.5
39.3
27.5
33.2
46.2
25.9
27.9
41.4
25.4
33.2
35.5
31.2
33.3
47.4
25.8
26.8
42.0
28.2
29.8
45.3
27.2
27.5
40.8
28.9
30.3
41.1
26.0
32.9
36.3
30.3
33.4
44.7
25.5
29.8
47.1
25.6
27.3
49.9
25.0
25.1
42.4
27.7
29.9
46.5
25.7
27.8
37.3
26.9
35.8
49.4
25.0
25.6
41.3
28.1
30.6
46.2
25.7
28.1
43.5
28.0
28.5
48.0
25.0
27.0
38.9
27.1
34.0
46.2
25.4
28.4
46.9
25.9
27.2
35.1
29.1
35.8
38.9
26.8
34.3
38.3
28.2
33.5
39.4
28.8
31.8
39.3
25.8
34.9
48.2
25.7
26.1
36.3
28.2
35.5
42.3
26.4
31.3
