t120_09
100.0 120 40
39.4
28.0
32.6
37.0
28.4
34.6
42.7
25.9
31.4
43.0
27.0
30.0
46.2
26.1
27.7
35.6
29.2
35.2
49.8
25.0
25.2
43.2
27.6
29.2
39.1
25.2
35.7
39.7
27.4
32.9
49.0
25.1
25.9
40.8
25.6
33.6
43.4
26.2
30.4
48.2
25.6
26.2
38.7
27.5
33.8
36.2
29.3
34.5
42.8
28.4
28.8
40.8
28.8
30.4
48.0
25.0
27.0
39.4
27.6
33.0
36.1
25.3
38.6
37.5
28.1
34.4
47.8
25.1
27.1
47.8
25.0
27.2
35.6
27.6
36.8
38.7
26.9
34.4
48.6
25.2
26.2
41.4
26.3
32.3
41.0
25.0
34.0
40.0
29.5
30.5
38.2
28.2
33.6
43.4
26.9
29.7
39.5
27.8
32.7
35.3
28.1
36.6
41.9
28.5
29.6
36.2
31.4
32.4
49.5
25.1
25.4
49.9
25.0
25.1
36.4
28.9
34.7
49.8
25.0
25.2
