t120_16
100.0 120 40
40.3
26.7
33.0
38.1
28.2
33.7
49.0
25.0
26.0
47.2
25.5
27.3
40.4
27.3
32.3
36.7
25.0
38.3
43.7
26.5
29.8
36.1
25.2
38.7
41.4
25.7
32.9
36.5
29.8
33.7
39.3
29.0
31.7
38.1
27.0
34.9
35.5
31.6
32.9
44.3
27.2
28.5
42.2
25.4
32.4
43.1
28.4
28.5
36.4
27.8
35.8
43.4
25.6
31.0
44.7
27.2
28.1
41.9
26.2
31.9
45.4
26.2
28.4
46.1
26.0
27.9
48.5
25.4
26.1
37.7
25.3
37.0
44.2
25.9
29.9
42.8
28.5
28.7
36.9
26.2
36.9
40.4
29.3
30.3
35.9
26.5
37.6
41.2
26.7
32.1
36.8
25.5
37.7
42.7
27.9
29.4
48.4
25.2
26.4
44.6
26.4
29.0
43.2
27.5
29.3
47.5
26.0
26.5
44.2
26.4
29.4
49.2
25.1
25.7
46.7
25.9
27.4
35.2
25.1
39.7
