t249_17
100.0 249 83
35.9
30.0
34.1
46.5
26.4
27.1
38.4
25.0
36.6
36.8
26.0
37.2
41.2
28.7
30.1
40.2
26.3
33.5
48.9
25.0
26.1
35.7
26.9
37.4
46.8
25.8
27.4
49.0
25.4
25.6
41.5
27.6
30.9
37.6
30.8
31.6
48.7
25.4
25.9
43.1
25.8
31.1
49.2
25.3
25.5
40.2
25.5
34.3
43.6
26.8
29.6
49.4
25.0
25.6
47.0
26.1
26.9
46.4
26.1
27.5
44.1
26.8
29.1
46.0
26.3
27.7
37.8
29.0
33.2
47.7
25.0
27.3
47.2
26.0
26.8
41.5
26.1
32.4
47.1
25.6
27.3
39.0
25.8
35.2
41.7
27.4
30.9
38.5
30.1
31.4
44.0
25.8
30.2
38.1
27.7
34.2
43.6
26.1
30.3
35.9
29.2
34.9
37.8
27.5
34.7
49.2
25.2
25.6
36.7
30.9
32.4
44.3
27.5
28.2
36.6
27.6
35.8
41.7
25.7
32.6
41.6
28.8
29.6
49.8
25.0
25.2
37.7
29.7
32.6
46.0
25.2
28.8
48.2
25.0
26.8
48.0
25.7
26.3
35.2
25.4
39.4
43.5
26.0
30.5
36.5
28.6
34.9
38.5
28.5
33.0
43.5
27.7
28.8
35.2
32.3
32.5
48.4
25.3
26.3
40.2
25.9
33.9
39.9
29.5
30.6
35.5
26.6
37.9
36.2
28.1
35.7
49.3
25.1
25.6
42.4
28.5
29.1
38.5
28.2
33.3
38.6
27.4
34.0
40.0
26.4
33.6
35.8
28.0
36.2
39.8
29.0
31.2
39.8
28.3
31.9
36.3
30.9
32.8
36.5
26.0
37.5
43.5
26.8
29.7
37.2
27.5
35.3
37.7
29.6
32.7
44.2
26.2
29.6
35.4
26.0
38.6
35.2
28.2
36.6
35.2
26.8
38.0
35.0
28.9
36.1
45.6
26.3
28.1
42.7
26.0
31.3
42.6
25.7
31.7
42.7
25.8
31.5
40.7
26.2
33.1
46.2
26.0
27.8
35.5
27.9
36.6
45.4
25.1
29.5
