t249_19
100.0 249 83
41.9
27.5
30.6
42.7
25.1
32.2
49.6
25.0
25.4
37.0
31.2
31.8
47.8
25.5
26.7
40.4
27.3
32.3
44.2
26.8
29.0
41.0
27.4
31.6
46.6
26.3
27.1
46.2
26.7
27.1
36.6
30.8
32.6
48.7
25.1
26.2
46.8
26.1
27.1
41.3
27.3
31.4
44.6
25.8
29.6
47.5
25.1
27.4
44.5
27.5
28.0
45.8
26.0
28.2
36.1
28.6
35.3
48.5
25.6
25.9
42.4
27.1
30.5
40.3
25.0
34.7
47.6
25.6
26.8
49.9
25.0
25.1
40.5
26.3
33.2
46.6
25.0
28.4
48.4
25.6
26.0
42.3
25.9
31.8
37.8
28.7
33.5
39.6
28.9
31.5
46.9
25.3
27.8
38.9
26.9
34.2
48.7
25.3
26.0
49.2
25.3
25.5
48.8
25.4
25.8
41.7
26.3
32.0
47.1
25.1
27.8
37.7
28.4
33.9
49.6
25.1
25.3
46.7
25.1
28.2
40.9
25.0
34.1
45.0
25.2
29.8
48.8
25.2
26.0
45.9
26.4
27.7
46.8
25.8
27.4
40.6
28.9
30.5
48.2
25.7
26.1
48.9
25.4
25.7
41.9
26.1
32.0
43.9
27.0
29.1
35.0
31.3
33.7
37.7
27.0
35.3
42.0
25.4
32.6
42.7
28.5
28.8
45.4
26.9
27.7
47.2
26.2
26.6
46.4
25.5
28.1
42.7
25.5
31.8
44.8
25.3
29.9
36.3
31.3
32.4
35.3
29.1
35.6
48.4
25.2
26.4
48.4
25.6
26.0
42.5
26.6
30.9
41.7
25.2
33.1
46.4
25.6
28.0
43.4
27.3
29.3
44.2
27.8
28.0
45.7
26.3
28.0
49.8
25.0
25.2
49.3
25.2
25.5
41.8
27.0
31.2
46.9
26.0
27.1
40.1
29.6
30.3
46.7
25.6
27.7
44.1
27.6
28.3
47.0
25.9
27.1
45.2
26.4
28.4
44.2
25.9
29.9
46.0
26.1
27.9
47.4
25.6
27.0
40.5
27.0
32.5
43.2
27.2
29.6
