t249_02
100.0 249 83
48.4
25.7
25.9
45.6
25.9
28.5
35.3
25.0
39.7
36.7
26.0
37.3
40.5
25.6
33.9
43.1
26.9
30.0
49.4
25.0
25.6
44.3
27.0
28.7
37.3
28.8
33.9
40.1
26.6
33.3
37.4
28.1
34.5
44.1
25.8
30.1
37.4
27.0
35.6
36.5
29.0
34.5
44.3
26.3
29.4
48.4
25.3
26.3
41.9
25.5
32.6
45.9
26.1
28.0
36.0
26.3
37.7
40.7
28.2
31.1
37.2
26.0
36.8
44.5
27.2
28.3
35.7
31.1
33.2
49.4
25.1
25.5
39.1
28.6
32.3
39.0
28.1
32.9
47.6
25.0
27.4
45.8
25.2
29.0
44.8
27.1
28.1
39.4
28.7
31.9
35.7
25.6
38.7
44.9
26.4
28.7
38.4
28.1
33.5
43.3
27.1
29.6
42.4
26.5
31.1
39.1
25.9
35.0
46.7
25.4
27.9
38.7
26.4
34.9
46.3
25.7
28.0
42.1
25.5
32.4
44.2
27.0
28.8
42.1
25.5
32.4
41.0
28.6
30.4
39.2
27.3
33.5
39.7
25.2
35.1
41.4
27.8
30.8
39.0
28.1
32.9
45.0
25.2
29.8
37.7
29.9
32.4
43.4
26.4
30.2
45.3
27.1
27.6
46.9
25.7
27.4
40.1
25.6
34.3
39.6
28.5
31.9
41.3
29.0
29.7
36.6
25.9
37.5
46.1
25.3
28.6
37.4
26.3
36.3
39.0
29.2
31.8
41.4
25.7
32.9
49.0
25.4
25.6
35.0
25.8
39.2
48.8
25.0
26.2
45.9
26.9
27.2
38.3
30.3
31.4
47.7
25.2
27.1
45.7
26.5
27.8
49.6
25.0
25.4
35.6
27.1
37.3
37.3
28.1
34.6
36.8
31.5
31.7
40.3
29.0
30.7
37.4
26.4
36.2
48.7
25.3
26.0
40.7
25.3
34.0
46.6
25.4
28.0
38.2
28.5
33.3
36.9
26.9
36.2
43.3
26.7
30.0
36.7
31.1
32.2
38.1
27.3
34.6
48.1
25.0
26.9
43.0
26.0
31.0
