t249_01
100.0 249 83
46.6
26.1
27.3
49.7
25.0
25.3
38.2
30.8
31.0
42.4
27.3
30.3
38.5
28.3
33.2
42.5
25.4
32.1
46.4
25.3
28.3
44.3
25.8
29.9
40.1
27.6
32.3
48.8
25.5
25.7
43.1
25.0
31.9
46.0
26.3
27.7
38.1
30.2
31.7
39.7
26.0
34.3
38.0
28.9
33.1
38.5
25.0
36.5
44.1
26.3
29.6
49.2
25.3
25.5
43.1
26.0
30.9
48.7
25.5
25.8
40.7
25.9
33.4
48.0
25.5
26.5
42.8
27.9
29.3
38.7
28.1
33.2
44.4
25.1
30.5
48.9
25.4
25.7
37.2
25.1
37.7
45.2
25.7
29.1
42.8
27.1
30.1
42.2
25.3
32.5
35.8
26.0
38.2
49.7
25.0
25.3
38.2
30.6
31.2
35.9
26.9
37.2
40.9
29.3
29.8
49.1
25.2
25.7
43.4
27.1
29.5
36.9
25.2
37.9
38.3
28.8
32.9
39.3
26.3
34.4
43.8
25.9
30.3
45.1
26.7
28.2
49.4
25.2
25.4
39.1
28.8
32.1
37.6
26.4
36.0
49.9
25.0
25.1
38.1
25.5
36.4
35.3
31.1
33.6
44.0
26.9
29.1
45.7
26.7
27.6
45.2
27.0
27.8
40.4
26.2
33.4
39.8
29.3
30.9
36.0
27.9
36.1
42.5
28.4
29.1
49.1
25.1
25.8
45.1
27.2
27.7
44.6
27.6
27.8
49.7
25.0
25.3
43.7
25.4
30.9
46.9
25.4
27.7
43.7
27.9
28.4
35.4
31.1
33.5
42.5
25.0
32.5
46.1
25.8
28.1
41.6
27.0
31.4
45.9
25.8
28.3
40.0
27.1
32.9
46.8
25.0
28.2
37.0
26.9
36.1
42.2
25.6
32.2
40.7
26.0
33.3
38.2
25.0
36.8
44.9
25.4
29.7
42.6
25.8
31.6
46.4
26.7
26.9
41.5
25.4
33.1
39.2
28.0
32.8
41.5
28.4
30.1
43.2
27.9
28.9
41.0
26.7
32.3
38.5
25.2
36.3
36.8
29.2
34.0
