t249_14
100.0 249 83
36.6
30.8
32.6
37.8
28.7
33.5
39.7
27.2
33.1
38.4
26.2
35.4
36.3
29.4
34.3
37.4
25.1
37.5
49.5
25.2
25.3
47.2
25.8
27.0
35.0
30.0
35.0
42.3
28.0
29.7
49.8
25.0
25.2
35.8
28.1
36.1
35.5
26.6
37.9
42.4
28.3
29.3
35.1
27.1
37.8
40.7
26.6
32.7
37.9
26.0
36.1
48.3
25.7
26.0
47.6
26.0
26.4
41.5
25.7
32.8
41.0
25.1
33.9
42.5
27.4
30.1
44.0
25.7
30.3
37.6
27.2
35.2
42.7
26.8
30.5
45.3
26.4
28.3
48.4
25.6
26.0
46.3
25.9
27.8
38.1
30.8
31.1
43.2
26.0
30.8
49.3
25.1
25.6
38.4
28.9
32.7
44.5
27.5
28.0
40.6
25.0
34.4
39.1
25.1
35.8
48.5
25.4
26.1
36.5
31.4
32.1
35.0
25.9
39.1
47.9
25.5
26.6
35.8
29.5
34.7
41.5
28.1
30.4
39.7
27.9
32.4
49.5
25.1
25.4
44.8
27.3
27.9
43.0
27.9
29.1
48.4
25.6
26.0
35.2
30.9
33.9
44.9
26.9
28.2
37.9
27.6
34.5
38.3
28.7
33.0
42.8
27.5
29.7
38.0
26.4
35.6
38.2
26.3
35.5
43.3
26.2
30.5
42.3
26.7
31.0
46.4
26.3
27.3
41.4
26.0
32.6
44.2
26.8
29.0
48.7
25.4
25.9
43.7
25.7
30.6
37.2
30.3
32.5
46.4
25.2
28.4
42.6
25.6
31.8
46.9
26.4
26.7
36.7
25.7
37.6
37.5
31.1
31.4
42.2
26.9
30.9
40.2
26.6
33.2
46.0
26.0
28.0
41.7
29.0
29.3
41.3
28.5
30.2
35.6
28.4
36.0
42.3
27.5
30.2
38.7
27.4
33.9
37.5
27.6
34.9
43.0
25.6
31.4
39.3
27.5
33.2
44.9
26.3
28.8
41.9
28.2
29.9
37.8
29.3
32.9
45.6
25.9
28.5
40.3
25.5
34.2
37.2
29.9
32.9
