t249_12
100.0 249 83
43.8
26.6
29.6
36.3
27.1
36.6
38.4
27.7
33.9
46.9
26.1
27.0
35.3
28.7
36.0
45.7
26.5
27.8
38.4
25.4
36.2
48.8
25.4
25.8
47.1
25.4
27.5
41.2
27.2
31.6
45.9
26.1
28.0
44.9
26.3
28.8
36.3
28.9
34.8
36.0
27.1
36.9
48.9
25.0
26.1
41.4
25.8
32.8
36.3
27.6
36.1
35.5
27.9
36.6
37.5
26.9
35.6
43.3
27.9
28.8
35.4
29.4
35.2
37.8
29.7
32.5
36.8
28.6
34.6
38.0
27.8
34.2
46.8
25.5
27.7
47.3
25.6
27.1
37.8
25.6
36.6
41.8
25.0
33.2
43.6
25.3
31.1
45.6
25.6
28.8
38.4
28.0
33.6
38.0
26.7
35.3
35.3
30.1
34.6
48.6
25.4
26.0
37.7
25.1
37.2
49.4
25.2
25.4
44.5
25.7
29.8
37.6
29.0
33.4
36.3
30.0
33.7
42.5
26.9
30.6
40.9
25.6
33.5
38.5
27.6
33.9
46.9
25.7
27.4
47.8
26.0
26.2
42.7
26.0
31.3
35.8
29.5
34.7
43.2
25.0
31.8
49.1
25.3
25.6
40.9
27.4
31.7
41.8
25.0
33.2
35.1
27.6
37.3
49.3
25.0
25.7
43.8
26.7
29.5
38.1
29.1
32.8
35.5
25.9
38.6
39.7
25.9
34.4
47.8
25.1
27.1
40.1
27.5
32.4
42.5
26.2
31.3
45.5
25.7
28.8
44.2
25.3
30.5
45.5
26.9
27.6
36.0
29.5
34.5
40.7
29.5
29.8
43.3
27.5
29.2
44.8
25.1
30.1
35.7
31.2
33.1
43.1
27.7
29.2
35.2
25.7
39.1
37.0
29.6
33.4
44.6
27.6
27.8
39.6
29.6
30.8
45.3
25.3
29.4
37.2
31.0
31.8
41.4
27.0
31.6
42.1
27.5
30.4
43.1
26.7
30.2
43.9
26.4
29.7
48.1
25.0
26.9
47.4
25.6
27.0
47.2
25.6
27.2
37.2
25.6
37.2
40.3
25.2
34.5
