t249_13
100.0 249 83
43.7
27.9
28.4
39.7
29.9
30.4
35.6
26.3
38.1
38.5
29.4
32.1
47.2
26.2
26.6
41.8
27.2
31.0
47.6
25.0
27.4
43.6
27.6
28.8
38.0
29.6
32.4
39.9
27.2
32.9
48.7
25.0
26.3
37.2
25.7
37.1
41.0
28.0
31.0
46.7
26.2
27.1
45.6
25.4
29.0
45.7
25.2
29.1
36.0
27.3
36.7
39.3
29.2
31.5
40.4
25.1
34.5
38.7
26.3
35.0
41.2
26.6
32.2
41.3
25.6
33.1
45.9
26.2
27.9
43.4
27.1
29.5
43.9
25.3
30.8
49.5
25.1
25.4
39.9
28.6
31.5
39.5
28.2
32.3
37.2
29.0
33.8
41.0
25.3
33.7
36.0
25.8
38.2
40.6
27.4
32.0
41.4
25.8
32.8
35.6
28.1
36.3
49.3
25.1
25.6
40.6
29.2
30.2
44.1
26.6
29.3
36.8
25.5
37.7
47.0
25.3
27.7
44.1
25.3
30.6
49.2
25.0
25.8
46.7
25.2
28.1
40.4
29.1
30.5
41.5
25.1
33.4
45.1
25.9
29.0
46.5
25.7
27.8
38.7
25.2
36.1
48.2
25.2
26.6
40.2
28.0
31.8
40.0
27.0
33.0
35.3
29.3
35.4
48.8
25.0
26.2
35.5
31.0
33.5
48.4
25.3
26.3
36.3
26.0
37.7
45.5
25.4
29.1
48.6
25.2
26.2
43.7
26.1
30.2
48.7
25.6
25.7
38.2
26.6
35.2
49.2
25.0
25.8
39.3
26.7
34.0
44.7
26.0
29.3
45.9
26.5
27.6
43.2
28.2
28.6
41.6
25.9
32.5
49.0
25.0
26.0
38.0
30.2
31.8
40.8
26.6
32.6
48.9
25.4
25.7
48.1
25.2
26.7
38.6
30.2
31.2
49.2
25.2
25.6
45.8
25.2
29.0
43.4
25.6
31.0
47.6
26.1
26.3
37.9
27.3
34.8
44.9
26.5
28.6
48.0
25.6
26.4
35.7
25.0
39.3
45.6
25.5
28.9
38.4
25.8
35.8
47.9
25.6
26.5
