t249_04
100.0 249 83
37.5
27.5
35.0
48.6
25.6
25.8
46.6
26.1
27.3
47.9
25.4
26.7
42.5
25.4
32.1
49.8
25.0
25.2
38.3
27.3
34.4
45.2
27.0
27.8
44.7
25.8
29.5
38.7
30.5
30.8
49.6
25.0
25.4
43.3
26.9
29.8
49.9
25.0
25.1
41.5
28.3
30.2
48.0
25.5
26.5
37.4
28.0
34.6
49.8
25.0
25.2
36.5
28.6
34.9
42.0
25.8
32.2
35.3
30.1
34.6
46.7
25.7
27.6
37.4
26.4
36.2
40.1
28.2
31.7
41.3
26.5
32.2
37.4
26.6
36.0
46.7
25.2
28.1
35.9
31.9
32.2
44.8
25.8
29.4
42.7
25.3
32.0
45.3
25.3
29.4
48.3
25.4
26.3
44.8
25.6
29.6
45.9
25.4
28.7
40.3
29.4
30.3
49.8
25.0
25.2
46.0
25.3
28.7
40.9
26.9
32.2
47.5
25.2
27.3
37.1
28.4
34.5
43.9
27.5
28.6
47.4
25.5
27.1
41.0
25.5
33.5
39.6
26.1
34.3
44.6
26.0
29.4
40.8
25.7
33.5
48.6
25.1
26.3
35.5
26.6
37.9
46.1
25.3
28.6
48.1
25.5
26.4
47.5
25.8
26.7
40.1
25.9
34.0
46.1
26.2
27.7
42.3
28.1
29.6
44.0
25.2
30.8
37.8
25.4
36.8
48.8
25.0
26.2
42.1
27.6
30.3
44.5
27.2
28.3
35.8
25.2
39.0
46.1
25.0
28.9
35.1
25.1
39.8
39.7
28.5
31.8
48.2
25.0
26.8
47.6
25.5
26.9
40.0
28.5
31.5
44.2
25.3
30.5
48.3
25.2
26.5
47.6
25.0
27.4
45.1
26.8
28.1
44.5
25.9
29.6
46.0
25.1
28.9
41.4
26.1
32.5
45.5
26.7
27.8
42.9
27.1
30.0
46.7
26.3
27.0
49.8
25.0
25.2
49.8
25.0
25.2
35.1
26.3
38.6
42.7
25.6
31.7
42.1
26.2
31.7
40.9
25.4
33.7
46.8
26.3
26.9
45.8
25.2
29.0
