t249_16
100.0 249 83
38.9
26.9
34.2
47.1
25.6
27.3
45.2
25.8
29.0
49.3
25.1
25.6
39.0
28.2
32.8
41.4
27.7
30.9
44.5
25.8
29.7
42.9
26.3
30.8
38.5
25.0
36.5
41.6
25.5
32.9
45.2
25.8
29.0
44.6
27.1
28.3
45.7
26.6
27.7
47.6
25.8
26.6
37.8
29.8
32.4
39.7
29.3
31.0
48.2
25.3
26.5
44.8
25.8
29.4
47.3
26.1
26.6
37.7
26.7
35.6
38.2
29.4
32.4
38.2
28.7
33.1
42.5
25.7
31.8
41.2
28.0
30.8
43.7
26.7
29.6
42.4
25.9
31.7
41.1
26.8
32.1
36.2
25.6
38.2
39.2
27.1
33.7
36.0
26.0
38.0
46.3
26.4
27.3
44.7
25.2
30.1
47.7
26.0
26.3
40.9
25.0
34.1
48.0
25.7
26.3
43.2
27.4
29.4
46.6
25.4
28.0
47.0
25.3
27.7
43.0
26.7
30.3
49.8
25.0
25.2
49.0
25.4
25.6
44.1
26.9
29.0
46.1
26.3
27.6
47.6
25.1
27.3
41.4
25.3
33.3
36.1
27.4
36.5
49.6
25.0
25.4
41.9
26.4
31.7
38.1
30.3
31.6
43.8
27.5
28.7
43.2
27.2
29.6
42.0
28.5
29.5
40.4
26.4
33.2
46.7
25.4
27.9
43.1
27.6
29.3
48.1
25.8
26.1
38.9
25.9
35.2
41.4
28.6
30.0
43.7
25.9
30.4
37.6
28.8
33.6
35.4
25.4
39.2
35.7
26.1
38.2
48.7
25.2
26.1
36.1
28.7
35.2
39.5
29.4
31.1
40.9
25.0
34.1
46.0
25.3
28.7
38.1
27.6
34.3
44.8
27.1
28.1
41.1
28.5
30.4
41.7
27.6
30.7
35.1
26.9
38.0
43.5
26.7
29.8
46.7
25.4
27.9
45.4
26.2
28.4
49.5
25.1
25.4
37.9
29.1
33.0
43.4
26.4
30.2
49.5
25.0
25.5
44.2
27.3
28.5
43.9
26.3
29.8
39.4
29.4
31.2
40.3
29.3
30.4
