t249_15
100.0 249 83
36.9
29.6
33.5
46.5
26.5
27.0
43.8
27.1
29.1
44.7
25.2
30.1
39.7
27.9
32.4
47.9
25.4
26.7
35.6
30.9
33.5
40.8
29.4
29.8
38.0
27.2
34.8
47.7
25.0
27.3
44.9
25.9
29.2
43.8
27.3
28.9
43.4
25.3
31.3
46.9
25.5
27.6
43.1
25.7
31.2
45.6
26.9
27.5
39.0
25.7
35.3
38.5
26.8
34.7
40.1
27.8
32.1
38.4
26.9
34.7
40.6
29.4
30.0
35.6
27.6
36.8
36.0
26.6
37.4
48.8
25.0
26.2
45.1
26.2
28.7
44.6
27.3
28.1
47.5
25.7
26.8
47.5
25.0
27.5
35.6
31.0
33.4
47.6
25.9
26.5
45.1
25.2
29.7
38.4
30.4
31.2
43.3
26.8
29.9
40.5
25.7
33.8
39.1
28.6
32.3
49.5
25.0
25.5
41.4
26.0
32.6
48.0
25.0
27.0
44.4
25.7
29.9
41.3
25.1
33.6
36.0
31.5
32.5
37.9
29.5
32.6
41.0
28.0
31.0
41.5
28.5
30.0
41.8
26.9
31.3
38.2
25.6
36.2
37.7
27.6
34.7
45.8
26.4
27.8
37.4
27.7
34.9
41.7
27.0
31.3
36.2
25.5
38.3
49.6
25.0
25.4
46.3
25.6
28.1
38.3
28.3
33.4
38.9
30.2
30.9
39.0
29.4
31.6
49.6
25.0
25.4
41.6
25.4
33.0
43.1
26.2
30.7
47.3
25.6
27.1
48.7
25.2
26.1
47.6
25.0
27.4
38.6
29.1
32.3
48.9
25.2
25.9
45.9
26.7
27.4
39.2
28.9
31.9
35.6
26.8
37.6
38.2
27.7
34.1
42.0
25.6
32.4
37.8
25.9
36.3
41.6
25.0
33.4
35.7
26.1
38.2
46.3
26.3
27.4
49.2
25.0
25.8
37.4
30.3
32.3
41.5
25.6
32.9
47.6
25.5
26.9
42.2
28.3
29.5
43.2
27.8
29.0
49.9
25.0
25.1
40.5
29.1
30.4
46.7
26.2
27.1
48.4
25.5
26.1
