t249_10
100.0 249 83
40.0
25.1
34.9
39.8
26.3
33.9
39.5
27.9
32.6
48.1
25.5
26.4
36.3
29.0
34.7
45.9
26.5
27.6
40.8
28.7
30.5
48.5
25.5
26.0
40.9
28.4
30.7
44.8
25.7
29.5
46.1
26.7
27.2
47.4
26.1
26.5
41.8
28.0
30.2
48.6
25.0
26.4
37.7
26.4
35.9
35.2
29.6
35.2
38.5
30.2
31.3
42.2
26.0
31.8
36.0
27.5
36.5
47.7
25.2
27.1
49.2
25.0
25.8
39.3
28.8
31.9
39.7
25.5
34.8
36.2
27.2
36.6
45.8
26.5
27.7
49.2
25.0
25.8
43.6
26.1
30.3
45.5
26.1
28.4
37.1
30.8
32.1
39.8
28.7
31.5
44.9
25.9
29.2
38.9
29.9
31.2
39.9
27.7
32.4
45.0
26.3
28.7
44.1
25.0
30.9
42.4
27.1
30.5
47.1
25.4
27.5
38.3
29.4
32.3
37.4
30.0
32.6
44.5
26.4
29.1
40.5
29.2
30.3
39.3
29.4
31.3
47.2
25.0
27.8
48.7
25.1
26.2
43.7
25.3
31.0
48.1
25.0
26.9
41.0
29.4
29.6
49.3
25.1
25.6
37.4
27.4
35.2
45.9
26.0
28.1
48.8
25.1
26.1
48.5
25.0
26.5
45.7
25.5
28.8
48.0
25.7
26.3
35.8
26.9
37.3
41.6
28.4
30.0
35.4
28.9
35.7
37.4
29.6
33.0
35.0
26.0
39.0
43.4
26.5
30.1
46.1
26.0
27.9
46.5
26.1
27.4
45.2
26.9
27.9
39.6
28.0
32.4
37.7
26.1
36.2
43.6
27.4
29.0
47.1
25.4
27.5
47.5
25.7
26.8
47.7
25.3
27.0
49.4
25.2
25.4
44.3
25.2
30.5
41.5
28.1
30.4
38.9
26.6
34.5
44.0
26.7
29.3
48.9
25.1
26.0
48.3
25.4
26.3
36.6
25.1
38.3
47.3
26.1
26.6
47.7
25.7
26.6
49.9
25.0
25.1
47.5
25.8
26.7
46.1
26.0
27.9
40.2
26.9
32.9
