t249_18
100.0 249 83
39.1
27.9
33.0
48.3
25.0
26.7
47.6
25.7
26.7
49.9
25.0
25.1
38.4
25.1
36.5
48.6
25.6
25.8
38.6
28.2
33.2
36.5
28.0
35.5
41.4
25.7
32.9
46.6
25.6
27.8
36.2
28.1
35.7
40.7
29.0
30.3
44.2
25.8
30.0
49.0
25.0
26.0
35.6
28.9
35.5
35.7
29.2
35.1
42.6
25.2
32.2
45.0
27.3
27.7
36.3
29.7
34.0
45.8
25.7
28.5
35.2
27.7
37.1
43.6
27.8
28.6
48.8
25.3
25.9
44.8
27.1
28.1
38.4
30.3
31.3
39.5
29.9
30.6
48.6
25.5
25.9
40.1
27.0
32.9
44.5
26.2
29.3
36.8
26.0
37.2
39.4
26.4
34.2
37.4
25.6
37.0
39.6
26.8
33.6
46.9
25.0
28.1
37.1
28.5
34.4
43.0
26.3
30.7
42.4
25.5
32.1
39.9
29.6
30.5
35.8
30.5
33.7
43.5
25.9
30.6
49.1
25.1
25.8
44.0
26.3
29.7
35.2
30.6
34.2
43.9
26.8
29.3
39.1
29.4
31.5
43.1
27.6
29.3
48.4
25.3
26.3
49.0
25.0
26.0
36.7
30.3
33.0
44.0
27.2
28.8
48.4
25.1
26.5
38.1
25.6
36.3
35.3
27.8
36.9
45.9
25.8
28.3
49.2
25.1
25.7
43.2
27.6
29.2
39.6
29.4
31.0
41.1
25.1
33.8
48.0
25.3
26.7
49.5
25.1
25.4
38.8
25.6
35.6
42.6
26.5
30.9
40.2
27.9
31.9
40.8
25.8
33.4
40.7
25.0
34.3
37.4
25.9
36.7
36.0
31.7
32.3
48.7
25.1
26.2
46.6
26.2
27.2
48.3
25.1
26.6
46.9
26.3
26.8
35.1
28.7
36.2
41.0
28.8
30.2
36.0
26.8
37.2
44.9
26.4
28.7
49.1
25.4
25.5
45.7
26.7
27.6
43.0
28.3
28.7
42.2
25.8
32.0
38.4
26.4
35.2
48.9
25.3
25.8
43.7
26.2
30.1
38.4
30.6
31.0
