t249_11
100.0 249 83
40.1
25.7
34.2
44.9
25.5
29.6
35.9
25.7
38.4
42.8
25.5
31.7
42.6
27.5
29.9
42.3
27.2
30.5
35.3
26.5
38.2
36.0
30.2
33.8
43.7
28.0
28.3
43.3
28.2
28.5
42.2
25.2
32.6
42.0
28.0
30.0
36.2
28.0
35.8
45.1
25.5
29.4
39.2
26.8
34.0
41.1
29.3
29.6
41.0
26.5
32.5
47.6
25.9
26.5
36.1
26.1
37.8
45.0
25.6
29.4
44.9
26.2
28.9
47.2
25.5
27.3
47.4
25.3
27.3
43.2
27.8
29.0
47.3
25.1
27.6
35.6
27.0
37.4
46.4
25.7
27.9
46.1
26.4
27.5
44.4
27.4
28.2
40.5
29.0
30.5
39.4
25.4
35.2
39.7
29.4
30.9
48.8
25.2
26.0
44.2
25.5
30.3
41.2
26.8
32.0
38.2
25.6
36.2
46.6
25.1
28.3
45.5
27.1
27.4
35.6
32.0
32.4
49.3
25.2
25.5
38.6
25.5
35.9
49.5
25.2
25.3
49.7
25.0
25.3
46.7
25.8
27.5
45.4
25.7
28.9
39.5
27.4
33.1
46.2
26.0
27.8
40.6
28.0
31.4
42.0
26.4
31.6
40.4
28.5
31.1
41.4
25.6
33.0
42.4
27.1
30.5
45.1
25.5
29.4
41.4
29.2
29.4
39.9
27.2
32.9
47.6
25.5
26.9
45.3
26.6
28.1
38.0
27.4
34.6
37.8
30.6
31.6
48.3
25.6
26.1
47.3
25.7
27.0
40.3
25.5
34.2
42.4
28.1
29.5
48.9
25.5
25.6
48.6
25.3
26.1
46.6
26.0
27.4
40.6
27.5
31.9
45.5
26.1
28.4
43.3
25.3
31.4
48.2
25.3
26.5
35.8
31.8
32.4
37.2
30.7
32.1
35.3
31.3
33.4
40.3
28.1
31.6
39.6
26.4
34.0
39.1
25.3
35.6
41.7
25.1
33.2
41.0
26.4
32.6
41.3
26.9
31.8
36.4
29.1
34.5
45.9
26.1
28.0
42.3
27.0
30.7
45.6
26.6
27.8
