t249_07
100.0 249 83
40.1
25.2
34.7
38.4
25.8
35.8
45.1
26.8
28.1
40.7
29.2
30.1
40.5
27.1
32.4
38.9
29.2
31.9
43.0
26.6
30.4
46.8
25.9
27.3
46.0
26.1
27.9
48.6
25.0
26.4
40.6
25.4
34.0
38.0
30.7
31.3
45.0
27.1
27.9
38.1
27.5
34.4
41.1
25.3
33.6
36.1
26.4
37.5
43.0
26.6
30.4
39.2
26.1
34.7
41.9
27.8
30.3
46.5
25.8
27.7
49.5
25.0
25.5
41.8
27.7
30.5
37.7
29.2
33.1
42.6
26.0
31.4
41.2
26.1
32.7
49.4
25.0
25.6
37.9
30.3
31.8
48.8
25.4
25.8
38.0
25.2
36.8
46.8
26.1
27.1
35.4
28.7
35.9
49.9
25.0
25.1
44.3
25.8
29.9
49.7
25.1
25.2
39.5
29.6
30.9
45.6
26.1
28.3
37.1
27.4
35.5
48.0
25.4
26.6
47.1
25.2
27.7
40.4
25.5
34.1
46.8
26.2
27.0
41.7
28.7
29.6
42.5
28.4
29.1
46.1
25.5
28.4
48.8
25.3
25.9
41.7
25.9
32.4
44.0
26.4
29.6
43.6
26.0
30.4
37.4
28.9
33.7
39.2
27.8
33.0
48.9
25.5
25.6
38.3
26.7
35.0
41.5
28.5
30.0
39.6
26.9
33.5
47.2
26.2
26.6
42.0
25.9
32.1
49.8
25.0
25.2
44.4
25.3
30.3
43.3
27.0
29.7
44.7
26.2
29.1
35.5
25.4
39.1
47.6
25.8
26.6
46.2
26.2
27.6
46.8
25.4
27.8
37.7
25.8
36.5
43.0
26.6
30.4
44.9
26.8
28.3
44.9
25.6
29.5
46.8
25.6
27.6
41.2
25.3
33.5
49.8
25.0
25.2
47.0
25.9
27.1
37.6
30.5
31.9
39.6
28.2
32.2
41.9
26.8
31.3
46.2
25.4
28.4
37.0
29.8
33.2
35.2
28.3
36.5
36.3
25.4
38.3
42.7
28.4
28.9
47.0
25.4
27.6
46.0
26.0
28.0
39.7
25.3
35.0
