t249_03
100.0 249 83
44.4
26.4
29.2
39.7
29.4
30.9
36.3
30.3
33.4
41.4
27.8
30.8
38.7
28.9
32.4
45.4
27.0
27.6
49.1
25.3
25.6
42.0
27.6
30.4
49.5
25.1
25.4
44.2
27.6
28.2
37.4
26.0
36.6
48.9
25.0
26.1
49.4
25.1
25.5
48.4
25.1
26.5
46.6
25.1
28.3
49.9
25.0
25.1
41.8
27.0
31.2
41.9
27.0
31.1
38.0
28.1
33.9
48.2
25.1
26.7
48.9
25.1
26.0
40.7
27.2
32.1
36.7
30.3
33.0
35.6
28.9
35.5
36.8
26.5
36.7
49.2
25.2
25.6
44.8
25.7
29.5
47.4
25.4
27.2
41.2
28.6
30.2
45.8
27.0
27.2
47.6
25.4
27.0
48.8
25.5
25.7
48.9
25.4
25.7
38.1
27.2
34.7
43.0
25.9
31.1
37.3
29.8
32.9
47.2
25.5
27.3
46.3
25.9
27.8
42.5
27.0
30.5
48.2
25.3
26.5
42.0
26.3
31.7
47.7
25.3
27.0
43.1
25.6
31.3
38.5
25.3
36.2
44.2
27.8
28.0
36.3
31.3
32.4
39.1
26.9
34.0
43.5
26.0
30.5
39.5
26.4
34.1
38.5
28.8
32.7
44.3
25.8
29.9
45.1
27.0
27.9
48.6
25.0
26.4
42.4
28.1
29.5
37.1
28.2
34.7
42.4
27.3
30.3
36.4
25.8
37.8
40.0
25.2
34.8
42.7
27.5
29.8
39.8
26.3
33.9
45.8
26.6
27.6
41.4
28.2
30.4
39.2
27.5
33.3
46.1
25.7
28.2
39.3
28.2
32.5
44.1
26.9
29.0
40.5
25.9
33.6
39.6
29.5
30.9
48.7
25.5
25.8
37.3
26.5
36.2
45.9
25.6
28.5
43.8
27.7
28.5
40.5
27.2
32.3
47.3
25.0
27.7
45.1
26.3
28.6
39.1
27.2
33.7
44.4
26.4
29.2
39.6
28.3
32.1
35.4
28.5
36.1
39.3
28.9
31.8
49.3
25.0
25.7
36.9
29.6
33.5
35.9
28.4
35.7
