t249_06
100.0 249 83
37.2
28.9
33.9
38.7
29.7
31.6
35.1
25.7
39.2
39.3
26.1
34.6
42.9
27.7
29.4
36.6
28.2
35.2
49.7
25.0
25.3
41.4
25.5
33.1
35.7
26.3
38.0
41.5
25.0
33.5
39.5
28.4
32.1
46.1
25.5
28.4
35.7
27.4
36.9
46.6
25.1
28.3
42.7
28.4
28.9
48.0
25.0
27.0
36.6
28.2
35.2
39.6
26.9
33.5
49.1
25.3
25.6
47.9
25.9
26.2
49.5
25.0
25.5
46.0
26.9
27.1
37.1
30.8
32.1
49.6
25.0
25.4
42.8
25.8
31.4
46.5
25.3
28.2
35.2
29.8
35.0
41.0
25.4
33.6
40.7
29.3
30.0
38.9
29.5
31.6
45.3
26.9
27.8
44.8
27.4
27.8
47.9
25.8
26.3
45.7
25.4
28.9
47.8
25.4
26.8
37.4
29.4
33.2
41.5
27.5
31.0
35.2
26.5
38.3
40.3
28.4
31.3
41.4
27.8
30.8
44.7
26.4
28.9
43.2
25.1
31.7
44.3
25.7
30.0
46.7
25.9
27.4
49.3
25.1
25.6
43.6
26.4
30.0
39.4
26.4
34.2
49.2
25.2
25.6
48.2
25.2
26.6
42.0
27.0
31.0
37.5
28.5
34.0
37.6
30.6
31.8
42.3
26.4
31.3
45.2
26.3
28.5
36.4
25.2
38.4
49.4
25.1
25.5
36.3
25.7
38.0
36.9
26.1
37.0
39.5
25.9
34.6
38.6
26.0
35.4
45.3
25.7
29.0
41.2
25.6
33.2
36.2
31.3
32.5
45.3
25.8
28.9
43.9
25.2
30.9
45.7
25.0
29.3
41.4
29.1
29.5
43.2
25.6
31.2
44.4
25.6
30.0
47.9
25.0
27.1
49.4
25.1
25.5
40.8
29.0
30.2
49.9
25.0
25.1
44.0
25.7
30.3
40.6
28.0
31.4
44.2
25.3
30.5
47.5
26.2
26.3
41.3
26.6
32.1
35.6
29.3
35.1
39.3
26.6
34.1
46.8
25.9
27.3
44.8
25.4
29.8
35.0
25.0
40.0
