t249_05
100.0 249 83
48.9
25.3
25.8
48.9
25.2
25.9
38.4
29.5
32.1
42.5
27.8
29.7
38.6
29.9
31.5
40.3
29.7
30.0
48.7
25.0
26.3
43.1
26.0
30.9
40.5
28.8
30.7
40.7
25.5
33.8
40.4
28.3
31.3
37.4
29.7
32.9
42.2
27.9
29.9
45.3
26.8
27.9
40.0
29.3
30.7
41.2
27.4
31.4
44.7
26.0
29.3
38.0
30.5
31.5
41.1
27.0
31.9
44.4
27.3
28.3
36.5
25.0
38.5
43.3
27.0
29.7
47.1
26.2
26.7
43.8
25.2
31.0
46.3
26.3
27.4
35.0
25.1
39.9
38.8
26.0
35.2
37.9
25.5
36.6
39.4
28.6
32.0
48.9
25.2
25.9
48.8
25.3
25.9
49.8
25.0
25.2
43.5
26.1
30.4
42.0
25.4
32.6
47.8
25.2
27.0
49.1
25.2
25.7
38.2
29.0
32.8
43.8
27.1
29.1
42.5
25.2
32.3
49.9
25.0
25.1
41.9
28.2
29.9
36.1
28.9
35.0
41.4
27.6
31.0
40.3
25.4
34.3
47.2
26.3
26.5
48.4
25.1
26.5
36.3
30.4
33.3
43.3
27.3
29.4
35.8
31.2
33.0
35.3
31.2
33.5
48.0
25.2
26.8
39.4
27.6
33.0
46.7
26.0
27.3
47.9
25.2
26.9
37.7
26.3
36.0
49.3
25.3
25.4
45.0
25.0
30.0
37.9
28.5
33.6
37.6
27.9
34.5
37.1
29.4
33.5
38.1
30.7
31.2
38.9
25.8
35.3
38.1
28.5
33.4
44.5
25.5
30.0
37.0
30.1
32.9
36.5
27.3
36.2
37.8
27.6
34.6
46.6
25.8
27.6
36.7
28.1
35.2
46.3
25.7
28.0
37.6
26.1
36.3
40.4
27.9
31.7
44.3
26.8
28.9
44.0
25.9
30.1
46.3
26.2
27.5
35.6
32.0
32.4
41.8
28.7
29.5
42.5
26.7
30.8
37.4
28.3
34.3
41.3
27.4
31.3
38.4
25.9
35.7
38.2
27.6
34.2
46.1
26.4
27.5
