t249_08
100.0 249 83
35.8
28.5
35.7
48.3
25.7
26.0
47.9
25.8
26.3
43.8
27.9
28.3
45.9
26.6
27.5
40.2
28.4
31.4
48.3
25.0
26.7
48.2
25.0
26.8
46.5
26.4
27.1
44.5
26.0
29.5
47.9
25.2
26.9
40.1
26.8
33.1
44.9
26.5
28.6
49.0
25.1
25.9
38.6
27.8
33.6
49.8
25.0
25.2
47.6
25.0
27.4
36.3
25.7
38.0
38.3
26.9
34.8
48.8
25.2
26.0
44.8
26.1
29.1
46.8
26.2
27.0
38.8
26.3
34.9
35.1
26.0
38.9
43.5
25.2
31.3
35.0
28.1
36.9
43.6
26.9
29.5
45.1
27.1
27.8
44.2
25.1
30.7
37.7
30.6
31.7
39.8
26.3
33.9
48.0
25.4
26.6
39.6
26.9
33.5
40.4
25.6
34.0
48.2
25.5
26.3
38.2
29.8
32.0
40.8
26.7
32.5
36.0
25.5
38.5
44.9
25.0
30.1
45.5
27.0
27.5
39.6
27.0
33.4
45.0
27.3
27.7
37.1
25.8
37.1
36.2
27.5
36.3
37.8
27.5
34.7
49.8
25.0
25.2
36.7
30.9
32.4
48.1
25.5
26.4
48.8
25.3
25.9
48.7
25.0
26.3
36.6
30.0
33.4
35.5
31.9
32.6
40.3
25.4
34.3
46.6
25.9
27.5
40.2
27.8
32.0
45.9
26.6
27.5
39.5
25.4
35.1
37.8
30.5
31.7
38.3
27.1
34.6
40.6
28.6
30.8
44.7
27.0
28.3
49.3
25.1
25.6
45.4
26.7
27.9
46.9
26.1
27.0
35.9
26.2
37.9
40.2
27.8
32.0
42.9
25.4
31.7
36.5
28.9
34.6
39.1
26.4
34.5
39.5
28.6
31.9
41.1
27.6
31.3
38.2
29.3
32.5
37.8
28.8
33.4
40.1
28.7
31.2
43.6
26.4
30.0
44.2
25.0
30.8
40.7
27.6
31.7
49.3
25.2
25.5
46.4
26.1
27.5
40.5
25.7
33.8
40.4
26.2
33.4
47.5
25.8
26.7
36.3
27.6
36.1
