t249_09
100.0 249 83
45.1
26.7
28.2
43.8
27.5
28.7
39.7
27.4
32.9
36.2
30.3
33.5
49.1
25.1
25.8
37.9
25.6
36.5
39.4
29.4
31.2
43.7
27.4
28.9
43.8
27.1
29.1
39.8
29.0
31.2
39.6
26.1
34.3
48.2
25.2
26.6
42.5
25.2
32.3
38.2
29.1
32.7
41.4
26.2
32.4
38.8
25.1
36.1
42.6
25.9
31.5
37.7
25.8
36.5
45.5
26.6
27.9
41.1
26.0
32.9
35.6
29.5
34.9
47.0
25.7
27.3
44.9
25.2
29.9
38.0
28.0
34.0
37.8
30.5
31.7
44.0
25.5
30.5
43.5
27.0
29.5
47.8
25.2
27.0
44.6
25.2
30.2
38.8
27.4
33.8
47.6
26.0
26.4
48.7
25.0
26.3
46.9
26.2
26.9
41.5
25.7
32.8
36.9
29.2
33.9
37.7
29.7
32.6
41.1
28.2
30.7
36.9
28.1
35.0
43.6
26.7
29.7
45.9
25.8
28.3
45.8
26.8
27.4
46.0
25.1
28.9
48.8
25.0
26.2
43.6
26.3
30.1
42.7
27.5
29.8
43.8
27.3
28.9
46.0
26.9
27.1
44.4
26.1
29.5
47.7
25.5
26.8
45.7
25.6
28.7
41.9
27.9
30.2
41.7
26.4
31.9
41.7
27.1
31.2
47.4
25.3
27.3
37.5
28.8
33.7
45.8
26.9
27.3
36.4
30.3
33.3
38.1
26.2
35.7
35.3
30.7
34.0
47.0
26.0
27.0
36.6
28.9
34.5
38.4
26.4
35.2
36.9
25.9
37.2
47.0
25.5
27.5
47.1
25.5
27.4
42.4
28.0
29.6
44.0
26.9
29.1
38.6
25.0
36.4
46.0
25.5
28.5
37.6
29.2
33.2
35.6
30.3
34.1
48.0
25.7
26.3
42.4
26.8
30.8
37.0
27.5
35.5
49.4
25.0
25.6
43.4
26.4
30.2
46.3
26.7
27.0
41.1
28.0
30.9
42.7
25.5
31.8
46.6
25.9
27.5
49.1
25.2
25.7
40.0
28.6
31.4
44.6
26.0
29.4
