t501_15
100.0 501 167
47.8
25.2
27.0
47.3
25.8
26.9
47.3
25.2
27.5
37.3
27.6
35.1
36.4
28.9
34.7
38.5
27.1
34.4
42.4
26.6
31.0
39.5
27.5
33.0
46.2
26.7
27.1
45.9
25.5
28.6
47.7
25.2
27.1
40.7
27.2
32.1
36.3
29.4
34.3
47.5
25.0
27.5
39.3
29.8
30.9
45.1
25.6
29.3
46.5
26.3
27.2
35.8
25.7
38.5
43.4
25.7
30.9
48.3
25.6
26.1
43.7
27.6
28.7
49.9
25.0
25.1
46.7
25.7
27.6
36.9
27.5
35.6
49.6
25.0
25.4
46.3
25.9
27.8
42.7
27.7
29.6
45.7
26.5
27.8
38.9
27.4
33.7
37.6
27.8
34.6
44.1
26.8
29.1
35.8
29.5
34.7
37.9
27.2
34.9
38.1
25.2
36.7
40.0
29.4
30.6
36.9
29.6
33.5
47.8
25.3
26.9
38.5
26.8
34.7
41.0
29.0
30.0
36.9
30.0
33.1
36.8
30.7
32.5
36.8
25.7
37.5
42.2
28.4
29.4
43.7
28.0
28.3
39.4
29.2
31.4
46.8
25.2
28.0
47.2
25.0
27.8
41.8
25.8
32.4
36.5
28.9
34.6
37.0
27.0
36.0
46.4
26.0
27.6
35.9
29.3
34.8
44.8
27.3
27.9
44.8
25.5
29.7
38.0
26.3
35.7
49.4
25.0
25.6
48.0
25.1
26.9
39.1
28.6
32.3
40.5
27.1
32.4
43.2
27.2
29.6
45.4
26.3
28.3
35.6
25.7
38.7
40.8
26.3
32.9
44.5
27.4
28.1
44.4
27.0
28.6
42.2
25.3
32.5
38.8
29.0
32.2
46.8
25.2
28.0
38.3
26.7
35.0
35.7
25.1
39.2
48.1
25.6
26.3
38.6
25.0
36.4
43.1
25.1
31.8
47.5
25.9
26.6
49.2
25.0
25.8
40.3
27.9
31.8
45.5
26.3
28.2
39.7
27.1
33.2
48.0
25.5
26.5
47.2
25.4
27.4
47.1
25.9
27.0
45.8
25.7
28.5
37.7
28.7
33.6
42.7
25.8
31.5
35.1
25.0
39.9
49.2
25.1
25.7
43.2
25.6
31.2
37.2
27.9
34.9
40.6
26.7
32.7
49.8
25.0
25.2
48.1
25.1
26.8
37.8
27.4
34.8
36.4
26.0
37.6
37.6
29.4
33.0
36.1
31.0
32.9
45.9
26.3
27.8
44.0
27.1
28.9
45.5
25.4
29.1
37.8
29.2
33.0
39.5
29.6
30.9
35.7
25.4
38.9
42.7
25.3
32.0
37.6
30.6
31.8
49.1
25.2
25.7
42.5
26.6
30.9
43.8
26.1
30.1
45.6
27.1
27.3
47.4
25.3
27.3
45.4
25.1
29.5
46.0
25.2
28.8
37.2
25.4
37.4
46.1
25.2
28.7
41.0
28.9
30.1
45.3
26.9
27.8
48.7
25.0
26.3
37.4
28.6
34.0
39.2
29.0
31.8
38.8
28.6
32.6
46.6
25.9
27.5
46.6
25.5
27.9
46.6
26.5
26.9
39.6
29.1
31.3
49.6
25.0
25.4
46.1
25.3
28.6
45.6
25.7
28.7
38.7
26.4
34.9
35.1
27.1
37.8
36.2
27.4
36.4
37.0
29.8
33.2
48.0
25.2
26.8
47.6
25.5
26.9
40.7
29.1
30.2
45.2
26.9
27.9
40.7
26.8
32.5
44.9
25.3
29.8
37.9
30.9
31.2
35.5
25.3
39.2
49.9
25.0
25.1
36.9
26.2
36.9
47.1
25.4
27.5
39.3
26.5
34.2
44.7
25.9
29.4
38.7
28.8
32.5
44.0
27.8
28.2
38.1
29.6
32.3
37.2
30.9
31.9
36.5
27.7
35.8
41.8
26.1
32.1
42.6
25.9
31.5
44.2
25.5
30.3
41.3
27.1
31.6
44.0
25.2
30.8
38.2
28.9
32.9
47.5
26.1
26.4
40.4
27.3
32.3
39.6
26.4
34.0
42.5
27.0
30.5
37.6
28.7
33.7
38.8
27.2
34.0
45.1
26.2
28.7
44.0
25.8
30.2
39.7
28.4
31.9
37.1
29.0
33.9
44.4
26.7
28.9
40.7
29.0
30.3
43.8
26.9
29.3
35.7
27.9
36.4
