t501_09
100.0 501 167
36.0
28.3
35.7
46.7
25.0
28.3
38.9
25.8
35.3
48.7
25.2
26.1
47.5
25.2
27.3
47.9
25.7
26.4
37.2
28.9
33.9
37.0
28.5
34.5
48.0
25.0
27.0
46.9
25.1
28.0
48.4
25.0
26.6
38.3
29.9
31.8
46.2
26.2
27.6
41.2
29.2
29.6
46.0
25.0
29.0
46.8
25.6
27.6
47.7
25.7
26.6
44.1
27.4
28.5
49.3
25.1
25.6
45.8
25.6
28.6
43.7
25.8
30.5
43.1
27.8
29.1
49.1
25.3
25.6
35.1
26.2
38.7
39.6
27.4
33.0
43.5
27.0
29.5
36.7
31.5
31.8
37.8
25.1
37.1
44.5
27.3
28.2
40.2
25.1
34.7
41.1
27.7
31.2
37.0
26.8
36.2
36.1
30.8
33.1
46.1
26.8
27.1
48.9
25.2
25.9
37.5
29.0
33.5
47.7
25.8
26.5
35.5
31.8
32.7
40.6
25.7
33.7
43.2
26.2
30.6
39.0
30.2
30.8
42.5
27.4
30.1
43.8
26.4
29.8
49.0
25.4
25.6
43.0
26.8
30.2
38.5
25.6
35.9
37.1
25.8
37.1
43.8
25.6
30.6
39.3
29.8
30.9
45.4
26.6
28.0
42.4
25.6
32.0
43.7
26.6
29.7
41.3
26.2
32.5
35.9
31.7
32.4
44.4
26.2
29.4
44.2
27.5
28.3
38.3
27.6
34.1
36.5
31.2
32.3
47.3
25.7
27.0
48.3
25.5
26.2
39.3
28.5
32.2
40.6
27.1
32.3
46.4
25.1
28.5
37.2
26.4
36.4
46.4
26.6
27.0
45.5
26.9
27.6
37.3
27.6
35.1
47.2
26.1
26.7
41.6
26.9
31.5
36.0
31.5
32.5
48.6
25.2
26.2
40.9
27.4
31.7
38.4
25.9
35.7
43.6
27.2
29.2
48.0
25.1
26.9
36.8
30.0
33.2
38.3
30.7
31.0
36.4
25.0
38.6
48.1
25.7
26.2
37.8
25.0
37.2
37.4
29.8
32.8
35.7
26.2
38.1
41.4
28.5
30.1
40.4
27.9
31.7
41.9
27.0
31.1
43.0
26.7
30.3
41.2
26.5
32.3
37.6
26.5
35.9
47.3
26.0
26.7
40.9
28.6
30.5
46.4
25.9
27.7
39.1
27.1
33.8
36.5
29.8
33.7
45.9
25.1
29.0
37.0
29.7
33.3
41.7
28.9
29.4
41.8
25.6
32.6
46.5
25.2
28.3
46.1
26.6
27.3
43.4
25.6
31.0
39.0
25.9
35.1
48.3
25.1
26.6
45.8
26.4
27.8
39.6
28.0
32.4
37.4
28.4
34.2
35.4
28.8
35.8
37.9
27.0
35.1
47.1
25.7
27.2
45.9
26.7
27.4
43.6
26.8
29.6
40.1
29.8
30.1
49.9
25.0
25.1
45.6
26.1
28.3
36.6
26.5
36.9
45.6
25.6
28.8
44.2
25.6
30.2
38.1
28.4
33.5
43.7
26.9
29.4
48.0
25.2
26.8
40.2
26.1
33.7
38.9
25.2
35.9
38.6
25.4
36.0
46.3
25.1
28.6
36.2
26.2
37.6
36.8
25.4
37.8
36.9
30.7
32.4
37.1
28.6
34.3
49.5
25.1
25.4
49.5
25.0
25.5
40.2
29.8
30.0
49.5
25.1
25.4
49.0
25.2
25.8
44.2
27.7
28.1
41.6
28.8
29.6
46.7
26.1
27.2
37.8
25.5
36.7
39.1
29.0
31.9
49.8
25.0
25.2
36.9
25.9
37.2
41.7
25.6
32.7
41.4
28.3
30.3
37.9
26.8
35.3
42.3
26.7
31.0
40.7
27.6
31.7
49.2
25.1
25.7
45.5
26.8
27.7
41.3
26.0
32.7
38.1
30.6
31.3
42.8
26.4
30.8
43.1
27.7
29.2
38.1
26.2
35.7
45.0
25.3
29.7
43.2
26.3
30.5
47.5
25.5
27.0
36.6
26.2
37.2
40.1
29.1
30.8
42.5
25.7
31.8
49.8
25.0
25.2
46.5
26.0
27.5
35.7
28.9
35.4
37.1
27.8
35.1
46.4
26.5
27.1
42.5
27.6
29.9
39.5
25.5
35.0
44.1
26.0
29.9
35.3
27.8
36.9
40.6
26.1
33.3
