t501_18
100.0 501 167
37.3
30.1
32.6
46.6
25.2
28.2
39.5
27.1
33.4
49.8
25.0
25.2
47.0
25.0
28.0
42.3
26.6
31.1
45.5
26.0
28.5
41.7
27.4
30.9
48.8
25.0
26.2
41.4
25.5
33.1
44.4
26.0
29.6
49.4
25.2
25.4
43.4
28.1
28.5
44.8
26.8
28.4
46.3
26.3
27.4
46.7
25.5
27.8
42.4
28.3
29.3
38.3
26.0
35.7
42.9
26.5
30.6
37.5
30.0
32.5
48.1
25.0
26.9
38.1
28.5
33.4
42.9
26.6
30.5
41.2
28.6
30.2
40.2
25.8
34.0
40.2
29.3
30.5
45.4
25.9
28.7
43.8
27.3
28.9
46.7
26.2
27.1
40.2
28.3
31.5
42.8
27.5
29.7
44.5
25.7
29.8
35.9
27.3
36.8
40.5
25.3
34.2
40.4
29.4
30.2
46.1
26.1
27.8
35.7
26.4
37.9
45.4
26.5
28.1
36.7
29.9
33.4
49.7
25.0
25.3
43.8
26.8
29.4
43.8
27.9
28.3
36.7
26.7
36.6
45.9
25.0
29.1
45.1
26.6
28.3
48.0
25.2
26.8
44.1
25.0
30.9
42.5
26.2
31.3
43.8
26.1
30.1
37.5
29.8
32.7
43.5
26.2
30.3
43.9
26.0
30.1
37.0
27.7
35.3
47.7
25.0
27.3
46.3
25.1
28.6
42.3
27.7
30.0
37.9
26.4
35.7
35.9
27.0
37.1
37.3
30.4
32.3
41.9
26.5
31.6
39.5
28.8
31.7
41.2
27.1
31.7
38.8
26.2
35.0
44.0
27.9
28.1
44.1
26.0
29.9
45.8
25.8
28.4
39.0
25.2
35.8
38.4
28.6
33.0
49.9
25.0
25.1
49.8
25.0
25.2
49.9
25.0
25.1
45.9
26.4
27.7
39.8
25.8
34.4
38.5
28.8
32.7
44.9
25.9
29.2
44.7
26.1
29.2
37.2
25.1
37.7
49.6
25.1
25.3
35.7
27.4
36.9
37.2
27.1
35.7
37.3
28.2
34.5
46.2
26.1
27.7
49.1
25.1
25.8
46.0
26.3
27.7
35.3
30.2
34.5
48.2
25.8
26.0
46.8
25.9
27.3
36.2
30.6
33.2
42.0
25.9
32.1
36.2
29.3
34.5
44.4
26.9
28.7
49.4
25.2
25.4
35.7
30.2
34.1
42.2
28.5
29.3
48.3
25.4
26.3
47.1
25.1
27.8
46.0
25.5
28.5
44.3
27.4
28.3
46.8
25.8
27.4
37.6
30.1
32.3
47.9
25.7
26.4
37.1
31.3
31.6
43.4
27.2
29.4
45.2
26.0
28.8
47.2
25.1
27.7
38.6
25.2
36.2
46.0
25.7
28.3
43.1
28.1
28.8
36.3
28.2
35.5
36.2
30.8
33.0
44.4
25.1
30.5
43.8
27.5
28.7
46.4
26.1
27.5
41.2
25.0
33.8
39.0
29.5
31.5
42.3
28.3
29.4
42.3
27.1
30.6
38.0
27.4
34.6
43.3
25.9
30.8
45.4
25.2
29.4
42.3
25.0
32.7
42.8
25.5
31.7
44.2
25.7
30.1
46.5
26.5
27.0
41.1
29.0
29.9
45.1
27.1
27.8
36.0
27.5
36.5
45.7
26.9
27.4
46.2
26.6
27.2
47.2
25.7
27.1
46.2
26.3
27.5
40.0
26.4
33.6
46.4
26.6
27.0
44.5
25.7
29.8
47.7
25.7
26.6
49.8
25.0
25.2
37.5
30.8
31.7
45.1
25.6
29.3
41.3
27.1
31.6
40.8
28.5
30.7
44.6
26.2
29.2
48.5
25.0
26.5
47.6
25.9
26.5
46.2
26.3
27.5
36.8
26.3
36.9
47.6
25.5
26.9
35.2
29.7
35.1
35.0
32.3
32.7
49.3
25.2
25.5
36.9
29.2
33.9
40.5
25.9
33.6
37.7
28.1
34.2
46.1
25.0
28.9
46.2
25.4
28.4
42.5
26.3
31.2
35.8
30.7
33.5
45.3
25.6
29.1
40.2
29.3
30.5
43.3
26.7
30.0
36.9
28.3
34.8
36.2
28.4
35.4
36.2
27.0
36.8
42.6
26.2
31.2
38.2
26.6
35.2
46.4
25.8
27.8
43.9
27.1
29.0
43.1
25.1
31.8
