t501_04
100.0 501 167
40.3
26.7
33.0
43.2
25.3
31.5
48.1
25.4
26.5
46.1
25.6
28.3
38.0
26.9
35.1
36.6
28.3
35.1
36.9
31.3
31.8
43.9
25.5
30.6
40.1
25.3
34.6
44.8
26.9
28.3
42.8
28.0
29.2
41.0
27.8
31.2
48.5
25.6
25.9
40.4
29.4
30.2
46.0
26.4
27.6
42.4
27.0
30.6
43.8
26.4
29.8
39.8
28.2
32.0
39.9
26.1
34.0
42.2
25.3
32.5
46.5
25.3
28.2
37.5
28.3
34.2
35.3
25.5
39.2
41.7
25.7
32.6
47.7
25.7
26.6
42.8
25.3
31.9
43.5
25.3
31.2
47.1
25.5
27.4
45.9
25.3
28.8
38.1
29.3
32.6
42.6
25.8
31.6
36.4
26.6
37.0
36.0
26.9
37.1
46.6
26.0
27.4
39.8
28.8
31.4
42.2
26.3
31.5
45.5
26.4
28.1
46.5
26.7
26.8
49.9
25.0
25.1
46.0
25.7
28.3
39.5
27.4
33.1
38.0
28.0
34.0
38.0
28.5
33.5
44.4
27.4
28.2
40.3
25.7
34.0
36.6
29.3
34.1
48.5
25.4
26.1
38.1
28.9
33.0
42.9
25.5
31.6
44.7
25.5
29.8
38.9
26.5
34.6
45.4
25.1
29.5
37.5
28.2
34.3
48.6
25.6
25.8
46.1
26.3
27.6
43.0
25.8
31.2
42.2
28.0
29.8
40.9
28.5
30.6
37.6
28.0
34.4
48.7
25.2
26.1
37.5
28.7
33.8
37.2
26.8
36.0
39.4
28.1
32.5
38.2
25.3
36.5
39.5
26.3
34.2
39.5
28.5
32.0
44.2
26.4
29.4
43.6
28.0
28.4
42.5
25.2
32.3
37.1
25.2
37.7
45.0
26.6
28.4
42.5
25.2
32.3
47.0
26.4
26.6
41.7
25.4
32.9
48.3
25.0
26.7
39.0
26.8
34.2
48.6
25.4
26.0
45.6
26.4
28.0
48.6
25.1
26.3
36.5
30.4
33.1
37.2
29.0
33.8
35.2
26.5
38.3
42.8
27.7
29.5
36.8
28.2
35.0
40.3
26.5
33.2
37.1
29.6
33.3
39.9
26.6
33.5
40.6
26.8
32.6
49.8
25.0
25.2
48.6
25.6
25.8
40.8
28.0
31.2
42.2
26.9
30.9
45.5
26.1
28.4
49.0
25.0
26.0
46.6
25.9
27.5
46.2
25.3
28.5
41.5
27.4
31.1
35.9
28.0
36.1
39.6
26.3
34.1
47.9
25.8
26.3
40.1
28.2
31.7
38.5
28.5
33.0
35.6
26.9
37.5
47.9
25.7
26.4
38.4
27.5
34.1
37.1
28.6
34.3
44.7
25.7
29.6
39.4
26.3
34.3
49.3
25.1
25.6
46.5
25.8
27.7
39.7
27.3
33.0
42.6
28.3
29.1
42.7
26.6
30.7
45.2
25.6
29.2
47.4
25.8
26.8
41.2
28.9
29.9
47.1
25.4
27.5
49.5
25.1
25.4
42.3
27.6
30.1
42.1
27.7
30.2
49.1
25.3
25.6
37.4
30.7
31.9
47.0
25.6
27.4
36.3
26.0
37.7
49.9
25.0
25.1
38.2
30.0
31.8
42.8
25.2
32.0
40.8
25.7
33.5
45.6
27.0
27.4
39.4
29.8
30.8
35.7
28.3
36.0
38.0
29.4
32.6
39.3
29.1
31.6
41.0
26.2
32.8
44.0
26.4
29.6
48.8
25.3
25.9
48.7
25.2
26.1
46.3
26.4
27.3
41.8
28.8
29.4
35.4
27.8
36.8
45.3
25.9
28.8
39.7
27.9
32.4
38.5
25.5
36.0
36.3
26.7
37.0
45.4
26.7
27.9
35.6
31.8
32.6
39.7
27.2
33.1
35.3
28.8
35.9
35.1
27.0
37.9
35.0
25.9
39.1
47.3
25.4
27.3
40.9
27.2
31.9
35.2
31.8
33.0
41.2
27.8
31.0
40.1
25.8
34.1
44.6
26.4
29.0
42.5
28.6
28.9
44.9
26.0
29.1
48.5
25.0
26.5
37.0
26.1
36.9
48.4
25.5
26.1
46.3
25.6
28.1
38.2
28.1
33.7
42.0
26.7
31.3
38.7
29.7
31.6
49.8
25.0
25.2
49.3
25.2
25.5
