t501_11
100.0 501 167
36.9
27.4
35.7
37.7
26.5
35.8
43.1
25.4
31.5
46.7
25.8
27.5
44.1
25.9
30.0
37.6
29.6
32.8
36.0
25.8
38.2
39.2
28.4
32.4
38.5
28.0
33.5
45.3
26.9
27.8
46.9
26.2
26.9
38.3
25.6
36.1
39.8
29.0
31.2
40.8
25.5
33.7
37.9
29.1
33.0
41.7
26.2
32.1
42.9
28.0
29.1
39.7
28.3
32.0
46.5
26.0
27.5
43.0
27.4
29.6
37.1
26.7
36.2
41.4
28.5
30.1
46.1
26.8
27.1
39.1
29.2
31.7
39.5
28.8
31.7
42.2
26.3
31.5
41.8
26.7
31.5
45.5
26.7
27.8
43.6
27.4
29.0
41.2
27.5
31.3
37.3
31.2
31.5
46.2
25.8
28.0
44.5
25.3
30.2
35.9
29.6
34.5
42.0
28.9
29.1
39.3
30.0
30.7
45.8
26.8
27.4
37.6
28.5
33.9
37.4
29.2
33.4
46.2
25.3
28.5
41.9
25.5
32.6
44.9
26.2
28.9
36.4
28.9
34.7
41.4
26.4
32.2
46.3
26.1
27.6
42.6
25.2
32.2
35.6
25.8
38.6
36.8
25.5
37.7
40.9
28.2
30.9
37.4
31.0
31.6
44.3
26.4
29.3
42.3
27.8
29.9
44.2
26.9
28.9
49.0
25.3
25.7
40.1
29.7
30.2
42.6
25.6
31.8
41.9
28.5
29.6
43.8
28.0
28.2
46.5
25.8
27.7
38.4
27.0
34.6
38.0
29.5
32.5
35.1
29.7
35.2
48.8
25.1
26.1
48.5
25.6
25.9
36.7
30.5
32.8
36.5
30.7
32.8
37.4
29.6
33.0
37.3
26.1
36.6
49.1
25.1
25.8
38.3
25.0
36.7
46.4
25.1
28.5
47.4
25.3
27.3
45.7
25.4
28.9
48.0
25.4
26.6
36.9
26.2
36.9
36.8
25.9
37.3
42.3
28.6
29.1
49.2
25.3
25.5
45.4
26.9
27.7
47.8
25.6
26.6
45.0
26.6
28.4
37.1
29.1
33.8
40.9
28.8
30.3
39.0
25.3
35.7
47.1
25.4
27.5
44.9
25.1
30.0
45.4
26.8
27.8
47.0
25.4
27.6
40.0
25.5
34.5
42.8
25.2
32.0
38.1
26.7
35.2
37.1
27.0
35.9
48.5
25.2
26.3
45.3
25.6
29.1
43.3
27.0
29.7
49.0
25.0
26.0
49.6
25.0
25.4
45.1
27.1
27.8
46.8
25.2
28.0
36.0
28.3
35.7
39.4
29.7
30.9
48.8
25.5
25.7
35.7
27.8
36.5
41.3
25.3
33.4
47.1
25.9
27.0
37.8
25.3
36.9
43.3
28.3
28.4
41.0
27.8
31.2
44.1
27.5
28.4
39.9
28.2
31.9
44.8
26.7
28.5
37.8
28.0
34.2
38.3
27.8
33.9
37.5
30.2
32.3
39.7
25.3
35.0
43.3
28.0
28.7
39.8
26.1
34.1
42.9
28.2
28.9
47.3
25.7
27.0
41.4
26.6
32.0
48.3
25.6
26.1
46.3
25.2
28.5
35.2
30.3
34.5
36.0
25.5
38.5
38.5
28.9
32.6
41.7
28.5
29.8
45.9
26.5
27.6
40.4
28.2
31.4
35.9
27.9
36.2
45.9
26.7
27.4
35.9
30.0
34.1
39.9
27.1
33.0
41.7
25.7
32.6
36.4
25.7
37.9
39.4
25.3
35.3
36.0
26.0
38.0
48.3
25.3
26.4
49.8
25.0
25.2
47.9
25.8
26.3
35.8
26.1
38.1
40.9
26.5
32.6
35.1
28.6
36.3
39.6
26.6
33.8
49.8
25.0
25.2
43.4
25.0
31.6
40.9
27.1
32.0
41.3
26.2
32.5
45.4
26.7
27.9
49.9
25.0
25.1
35.7
28.8
35.5
38.2
26.8
35.0
43.2
25.5
31.3
47.5
25.7
26.8
45.1
27.0
27.9
36.7
25.5
37.8
40.7
27.8
31.5
36.2
25.2
38.6
38.4
27.0
34.6
37.1
29.7
33.2
37.3
27.5
35.2
44.9
25.4
29.7
49.5
25.1
25.4
45.2
26.7
28.1
37.9
30.1
32.0
45.1
26.2
28.7
35.9
28.1
36.0
36.0
26.9
37.1
