t501_07
100.0 501 167
44.1
27.0
28.9
47.7
26.0
26.3
46.0
26.7
27.3
39.2
25.3
35.5
45.6
25.0
29.4
40.2
28.7
31.1
36.3
30.5
33.2
44.8
26.9
28.3
43.0
25.6
31.4
37.6
25.0
37.4
43.3
25.1
31.6
36.8
28.0
35.2
40.8
25.1
34.1
42.8
26.3
30.9
42.1
27.6
30.3
43.0
25.1
31.9
48.6
25.1
26.3
38.1
25.0
36.9
40.4
25.3
34.3
47.0
25.8
27.2
39.5
28.8
31.7
43.3
27.2
29.5
43.4
28.0
28.6
47.0
25.0
28.0
49.2
25.3
25.5
48.3
25.1
26.6
45.2
26.8
28.0
38.5
27.1
34.4
48.4
25.7
25.9
48.4
25.6
26.0
44.2
26.8
29.0
46.2
25.6
28.2
45.1
25.6
29.3
37.0
27.3
35.7
36.6
28.9
34.5
46.5
26.4
27.1
45.7
26.9
27.4
38.0
29.5
32.5
42.9
26.3
30.8
39.1
25.5
35.4
49.1
25.0
25.9
46.6
26.6
26.8
40.8
27.4
31.8
45.4
27.0
27.6
40.0
29.1
30.9
40.7
28.5
30.8
49.4
25.0
25.6
38.3
27.7
34.0
37.5
28.0
34.5
45.6
25.8
28.6
41.0
26.0
33.0
39.2
28.0
32.8
47.9
25.3
26.8
40.3
25.0
34.7
47.9
25.0
27.1
48.9
25.3
25.8
49.3
25.0
25.7
39.3
30.1
30.6
44.6
25.9
29.5
41.5
25.3
33.2
49.2
25.1
25.7
41.7
25.8
32.5
46.3
26.6
27.1
48.0
25.4
26.6
35.9
26.9
37.2
46.5
26.2
27.3
44.9
26.2
28.9
37.4
28.6
34.0
46.7
25.6
27.7
43.8
25.3
30.9
39.7
29.1
31.2
37.1
31.1
31.8
46.5
25.3
28.2
45.0
25.0
30.0
41.6
27.7
30.7
39.0
29.0
32.0
37.5
30.1
32.4
42.3
28.4
29.3
36.7
29.7
33.6
38.2
29.0
32.8
39.6
29.8
30.6
49.3
25.0
25.7
36.4
26.7
36.9
36.6
28.4
35.0
49.5
25.0
25.5
43.3
26.7
30.0
44.5
26.5
29.0
47.7
26.0
26.3
35.5
29.6
34.9
45.0
26.0
29.0
39.1
26.4
34.5
38.8
26.1
35.1
41.7
28.1
30.2
47.9
25.7
26.4
38.4
26.5
35.1
40.7
28.4
30.9
36.0
26.6
37.4
45.2
27.2
27.6
38.2
27.8
34.0
37.8
27.9
34.3
39.4
26.2
34.4
41.9
28.6
29.5
38.8
29.6
31.6
47.0
25.1
27.9
40.4
29.6
30.0
45.8
25.2
29.0
35.0
27.4
37.6
41.4
27.9
30.7
49.9
25.0
25.1
42.8
26.8
30.4
40.3
26.6
33.1
39.1
28.3
32.6
47.7
25.1
27.2
39.4
26.9
33.7
44.9
25.1
30.0
46.1
25.2
28.7
36.1
26.8
37.1
47.5
25.4
27.1
36.7
30.8
32.5
42.1
27.6
30.3
46.5
25.7
27.8
49.7
25.0
25.3
46.9
25.5
27.6
49.9
25.0
25.1
36.9
25.9
37.2
39.5
26.2
34.3
42.7
27.3
30.0
40.5
29.0
30.5
41.6
25.6
32.8
43.1
26.0
30.9
45.5
27.1
27.4
43.7
25.3
31.0
47.1
25.6
27.3
39.9
29.5
30.6
42.1
25.5
32.4
40.9
25.6
33.5
37.1
26.5
36.4
35.4
31.1
33.5
43.7
25.1
31.2
35.0
30.6
34.4
41.2
28.9
29.9
37.0
28.7
34.3
46.6
26.3
27.1
47.0
26.3
26.7
36.0
31.8
32.2
36.1
30.4
33.5
46.6
26.3
27.1
35.7
28.8
35.5
39.2
29.1
31.7
42.9
25.9
31.2
36.6
30.1
33.3
42.0
28.9
29.1
46.7
26.1
27.2
39.7
26.3
34.0
43.1
25.2
31.7
49.4
25.1
25.5
44.6
27.2
28.2
40.8
25.7
33.5
36.8
27.3
35.9
43.5
26.6
29.9
35.7
27.4
36.9
37.6
26.3
36.1
35.2
28.4
36.4
37.2
30.0
32.8
48.7
25.1
26.2
47.7
25.7
26.6
43.1
28.1
28.8
