t501_08
100.0 501 167
42.5
25.9
31.6
42.6
27.3
30.1
40.6
26.3
33.1
44.8
27.1
28.1
36.2
26.0
37.8
36.4
30.6
33.0
49.5
25.2
25.3
39.2
30.0
30.8
38.6
25.2
36.2
46.6
25.1
28.3
44.5
27.5
28.0
35.8
26.2
38.0
45.2
25.6
29.2
47.7
25.4
26.9
45.3
25.4
29.3
41.9
25.2
32.9
39.5
28.4
32.1
39.6
29.3
31.1
37.7
30.3
32.0
40.3
26.9
32.8
38.4
28.5
33.1
35.1
26.7
38.2
47.3
26.2
26.5
42.2
26.6
31.2
35.1
29.9
35.0
45.5
25.9
28.6
36.2
30.4
33.4
42.4
25.5
32.1
39.9
25.0
35.1
49.3
25.0
25.7
38.4
26.1
35.5
36.3
27.3
36.4
45.6
27.0
27.4
35.8
25.7
38.5
47.9
25.4
26.7
37.1
26.6
36.3
39.2
28.2
32.6
37.0
29.0
34.0
43.7
26.1
30.2
45.0
26.2
28.8
45.3
26.7
28.0
46.9
25.3
27.8
35.8
27.8
36.4
42.2
26.1
31.7
45.0
26.5
28.5
44.7
27.6
27.7
41.5
27.2
31.3
49.9
25.0
25.1
47.3
25.1
27.6
38.5
25.8
35.7
41.2
28.5
30.3
44.6
27.3
28.1
43.1
27.9
29.0
42.9
28.3
28.8
42.6
27.7
29.7
37.6
30.9
31.5
39.4
29.1
31.5
48.6
25.6
25.8
44.5
25.8
29.7
44.6
26.1
29.3
41.0
26.7
32.3
47.0
25.9
27.1
35.0
25.5
39.5
36.0
25.7
38.3
35.7
27.0
37.3
42.6
25.9
31.5
41.1
26.1
32.8
37.6
29.6
32.8
43.1
27.6
29.3
45.7
25.3
29.0
45.8
26.0
28.2
41.1
27.6
31.3
39.2
27.4
33.4
37.6
28.4
34.0
48.2
25.5
26.3
42.6
27.3
30.1
44.5
25.4
30.1
43.5
25.0
31.5
41.0
26.3
32.7
43.6
27.3
29.1
49.1
25.0
25.9
41.7
28.6
29.7
42.0
26.9
31.1
40.0
29.4
30.6
42.9
26.7
30.4
44.1
25.8
30.1
44.5
26.7
28.8
38.6
28.2
33.2
42.1
26.8
31.1
42.2
25.1
32.7
39.5
25.4
35.1
49.2
25.1
25.7
49.6
25.0
25.4
38.4
28.7
32.9
46.8
25.6
27.6
42.9
26.2
30.9
41.7
27.6
30.7
48.8
25.2
26.0
35.9
28.4
35.7
36.5
30.6
32.9
45.0
26.0
29.0
36.3
31.2
32.5
47.7
25.3
27.0
49.1
25.2
25.7
39.0
25.9
35.1
42.9
25.1
32.0
40.1
27.9
32.0
48.0
25.7
26.3
46.5
26.6
26.9
43.9
25.1
31.0
41.2
27.3
31.5
40.5
27.0
32.5
49.4
25.1
25.5
44.2
27.4
28.4
38.6
29.2
32.2
35.4
29.2
35.4
42.6
28.2
29.2
44.6
25.0
30.4
41.4
28.1
30.5
39.8
28.0
32.2
35.4
29.4
35.2
43.8
25.9
30.3
37.7
26.2
36.1
37.2
25.3
37.5
41.2
29.3
29.5
38.9
27.9
33.2
42.3
25.9
31.8
35.3
31.7
33.0
45.4
26.0
28.6
39.3
29.2
31.5
43.2
26.6
30.2
45.1
25.5
29.4
41.6
28.1
30.3
47.6
25.2
27.2
43.1
27.8
29.1
49.1
25.0
25.9
47.6
25.6
26.8
45.8
26.3
27.9
44.1
26.7
29.2
48.4
25.2
26.4
38.5
26.6
34.9
42.5
27.4
30.1
49.8
25.0
25.2
42.8
25.4
31.8
45.9
25.0
29.1
49.6
25.0
25.4
45.1
27.4
27.5
44.0
27.0
29.0
35.4
26.3
38.3
41.6
26.6
31.8
37.6
26.2
36.2
48.1
25.3
26.6
43.4
27.1
29.5
35.6
31.4
33.0
49.1
25.1
25.8
36.8
31.4
31.8
37.0
30.7
32.3
42.1
28.3
29.6
43.0
27.8
29.2
35.7
27.9
36.4
49.5
25.2
25.3
45.3
26.3
28.4
49.7
25.0
25.3
45.6
26.7
27.7
38.4
27.0
34.6
40.7
27.5
31.8
41.9
26.1
32.0
