t501_13
100.0 501 167
41.1
27.5
31.4
45.0
25.1
29.9
44.7
26.0
29.3
48.0
25.8
26.2
42.3
28.6
29.1
37.6
31.1
31.3
36.9
25.9
37.2
35.3
27.5
37.2
48.5
25.0
26.5
44.1
27.8
28.1
37.5
28.4
34.1
35.1
27.3
37.6
41.3
25.2
33.5
36.5
29.9
33.6
43.9
26.1
30.0
42.1
26.5
31.4
35.6
26.1
38.3
49.5
25.1
25.4
41.4
26.0
32.6
37.6
29.5
32.9
35.8
31.7
32.5
39.2
25.2
35.6
36.1
26.2
37.7
48.3
25.6
26.1
36.6
28.1
35.3
35.7
26.0
38.3
40.2
29.6
30.2
48.1
25.6
26.3
41.1
28.6
30.3
37.6
26.2
36.2
42.7
28.4
28.9
48.2
25.4
26.4
36.7
28.2
35.1
37.7
25.7
36.6
46.5
26.5
27.0
41.9
26.6
31.5
35.5
27.2
37.3
46.3
26.1
27.6
40.6
29.1
30.3
38.9
26.1
35.0
45.6
26.4
28.0
45.9
25.8
28.3
49.3
25.2
25.5
48.2
25.0
26.8
37.9
28.1
34.0
37.0
30.5
32.5
47.4
25.9
26.7
42.9
27.2
29.9
37.0
27.4
35.6
40.3
29.4
30.3
38.9
29.1
32.0
37.9
25.2
36.9
44.6
25.8
29.6
49.1
25.3
25.6
44.0
26.3
29.7
37.7
28.7
33.6
35.0
28.4
36.6
44.2
25.7
30.1
43.4
26.0
30.6
45.5
26.6
27.9
36.1
25.2
38.7
36.2
26.3
37.5
43.7
25.0
31.3
43.2
26.2
30.6
39.6
25.0
35.4
49.8
25.0
25.2
37.8
27.1
35.1
38.7
30.2
31.1
49.1
25.4
25.5
46.9
26.1
27.0
35.8
31.6
32.6
36.9
27.8
35.3
37.4
27.2
35.4
40.5
28.5
31.0
35.5
25.7
38.8
46.8
25.4
27.8
36.3
27.2
36.5
46.9
25.2
27.9
41.9
28.6
29.5
44.3
26.9
28.8
41.8
28.3
29.9
36.7
28.7
34.6
36.5
28.3
35.2
35.9
29.2
34.9
47.6
25.4
27.0
48.2
25.5
26.3
46.5
26.6
26.9
35.4
28.9
35.7
45.1
27.1
27.8
36.7
27.6
35.7
41.1
25.2
33.7
47.3
25.7
27.0
41.2
28.9
29.9
37.0
30.7
32.3
49.5
25.1
25.4
44.5
25.6
29.9
41.3
27.7
31.0
43.4
27.1
29.5
45.8
26.9
27.3
46.3
25.4
28.3
45.4
25.3
29.3
44.6
27.2
28.2
42.7
28.4
28.9
41.9
28.4
29.7
49.1
25.1
25.8
48.9
25.2
25.9
43.1
26.0
30.9
45.4
26.8
27.8
39.1
27.7
33.2
40.0
27.1
32.9
43.4
28.0
28.6
43.6
27.6
28.8
39.3
25.2
35.5
47.1
26.3
26.6
46.4
26.4
27.2
41.0
28.3
30.7
37.1
31.3
31.6
43.9
27.2
28.9
42.8
26.1
31.1
41.6
25.4
33.0
48.0
25.9
26.1
46.5
25.1
28.4
38.9
27.8
33.3
49.2
25.0
25.8
44.7
26.8
28.5
49.2
25.2
25.6
46.7
25.5
27.8
42.6
27.3
30.1
38.4
29.2
32.4
47.3
25.8
26.9
39.9
28.5
31.6
49.9
25.0
25.1
35.5
31.0
33.5
49.0
25.0
26.0
42.8
26.4
30.8
36.7
29.3
34.0
36.7
25.3
38.0
46.2
26.5
27.3
40.0
26.5
33.5
36.3
26.9
36.8
44.7
25.1
30.2
40.5
26.2
33.3
47.7
25.5
26.8
43.1
25.6
31.3
45.6
25.6
28.8
41.7
25.5
32.8
40.4
27.4
32.2
49.3
25.3
25.4
45.7
25.2
29.1
36.5
26.3
37.2
43.0
25.7
31.3
46.2
25.3
28.5
40.7
26.3
33.0
41.4
26.2
32.4
35.0
26.7
38.3
46.6
25.8
27.6
49.5
25.0
25.5
39.7
27.9
32.4
36.4
25.4
38.2
41.3
25.6
33.1
44.9
27.3
27.8
42.8
27.8
29.4
35.6
25.7
38.7
36.3
31.5
32.2
38.5
30.3
31.2
46.5
26.2
27.3
36.7
26.9
36.4
