t501_10
100.0 501 167
45.7
26.8
27.5
44.9
25.1
30.0
49.5
25.0
25.5
49.3
25.1
25.6
47.6
25.0
27.4
38.9
25.3
35.8
45.7
26.4
27.9
49.7
25.0
25.3
48.5
25.4
26.1
38.5
26.3
35.2
42.2
26.1
31.7
42.6
25.9
31.5
36.8
25.1
38.1
47.4
25.1
27.5
41.3
29.0
29.7
45.5
26.4
28.1
37.9
25.3
36.8
45.7
25.2
29.1
43.9
26.6
29.5
37.0
26.2
36.8
41.5
25.1
33.4
35.7
30.8
33.5
35.8
29.6
34.6
43.4
26.6
30.0
36.3
31.2
32.5
39.0
26.1
34.9
41.8
28.6
29.6
46.5
26.3
27.2
44.4
25.7
29.9
48.7
25.3
26.0
46.3
26.5
27.2
49.8
25.0
25.2
42.0
25.1
32.9
44.1
27.2
28.7
48.7
25.1
26.2
46.6
25.4
28.0
41.2
28.9
29.9
40.7
26.9
32.4
38.7
29.8
31.5
39.5
28.7
31.8
35.2
30.9
33.9
38.8
27.5
33.7
45.7
25.9
28.4
37.3
28.6
34.1
42.2
25.3
32.5
49.2
25.2
25.6
49.3
25.2
25.5
45.0
25.4
29.6
35.4
32.1
32.5
47.0
25.5
27.5
36.9
27.2
35.9
49.5
25.0
25.5
45.5
26.5
28.0
37.5
30.0
32.5
46.1
26.3
27.6
45.4
26.0
28.6
43.7
25.0
31.3
38.6
26.6
34.8
35.8
26.5
37.7
37.9
28.2
33.9
45.6
26.5
27.9
46.5
25.8
27.7
38.7
27.3
34.0
38.0
29.1
32.9
45.2
26.0
28.8
42.6
26.1
31.3
45.5
25.7
28.8
47.2
25.0
27.8
42.8
27.4
29.8
49.5
25.0
25.5
49.4
25.0
25.6
39.5
29.0
31.5
39.1
25.6
35.3
40.7
26.8
32.5
44.6
25.2
30.2
43.5
25.8
30.7
47.0
25.6
27.4
47.3
26.1
26.6
37.3
29.3
33.4
42.7
26.5
30.8
35.0
29.8
35.2
39.8
25.2
35.0
36.8
25.2
38.0
41.7
28.4
29.9
38.0
29.0
33.0
41.0
28.7
30.3
43.3
26.9
29.8
39.1
25.7
35.2
41.7
28.8
29.5
45.6
26.2
28.2
37.5
28.7
33.8
35.0
27.2
37.8
47.7
25.7
26.6
36.5
26.6
36.9
43.3
26.5
30.2
36.4
28.8
34.8
39.9
25.3
34.8
39.1
28.0
32.9
46.8
26.4
26.8
38.4
26.5
35.1
43.8
27.0
29.2
37.3
26.9
35.8
38.1
27.3
34.6
49.8
25.0
25.2
39.3
27.6
33.1
38.8
26.7
34.5
42.9
26.6
30.5
48.4
25.5
26.1
47.2
25.9
26.9
35.5
26.8
37.7
43.7
26.6
29.7
41.0
29.2
29.8
48.6
25.5
25.9
41.5
29.1
29.4
47.0
26.1
26.9
44.4
25.9
29.7
41.7
26.6
31.7
43.8
27.8
28.4
39.1
28.2
32.7
47.7
25.3
27.0
45.5
25.8
28.7
45.7
26.9
27.4
35.6
30.6
33.8
40.6
26.2
33.2
37.0
29.3
33.7
48.6
25.0
26.4
43.6
25.4
31.0
36.7
31.5
31.8
37.0
30.6
32.4
47.1
25.0
27.9
45.5
25.5
29.0
35.0
27.6
37.4
44.5
27.2
28.3
37.3
27.0
35.7
37.1
30.2
32.7
45.3
26.4
28.3
48.8
25.5
25.7
47.3
25.3
27.4
36.1
27.3
36.6
45.0
26.2
28.8
37.7
27.8
34.5
38.8
25.8
35.4
36.8
27.1
36.1
45.3
25.0
29.7
39.4
28.6
32.0
38.8
29.0
32.2
42.4
25.6
32.0
39.4
29.4
31.2
45.9
26.6
27.5
40.9
27.4
31.7
37.8
25.3
36.9
38.9
25.1
36.0
46.5
25.4
28.1
38.8
29.4
31.8
47.9
25.4
26.7
44.3
27.5
28.2
35.7
25.3
39.0
42.7
27.1
30.2
46.4
26.7
26.9
44.3
26.7
29.0
36.8
25.3
37.9
48.0
25.7
26.3
44.4
26.2
29.4
46.0
25.4
28.6
37.0
26.2
36.8
42.6
26.9
30.5
45.0
25.8
29.2
