t501_02
100.0 501 167
35.5
29.8
34.7
45.5
25.4
29.1
48.4
25.0
26.6
45.1
25.9
29.0
44.7
25.9
29.4
46.2
26.3
27.5
46.1
26.3
27.6
43.7
25.4
30.9
42.5
25.9
31.6
44.7
26.1
29.2
48.0
25.7
26.3
46.4
25.5
28.1
44.7
25.8
29.5
41.2
25.5
33.3
39.4
29.7
30.9
39.4
27.5
33.1
35.0
29.7
35.3
47.7
25.1
27.2
41.0
27.8
31.2
43.0
25.9
31.1
41.5
26.9
31.6
40.8
29.1
30.1
37.0
28.6
34.4
42.9
27.7
29.4
39.2
25.7
35.1
41.8
26.3
31.9
42.4
25.3
32.3
35.9
26.6
37.5
37.3
25.9
36.8
44.9
25.1
30.0
40.1
28.6
31.3
35.7
27.1
37.2
44.2
27.0
28.8
37.4
27.1
35.5
42.6
28.2
29.2
41.2
25.3
33.5
37.1
26.3
36.6
36.1
28.3
35.6
45.8
26.9
27.3
44.1
27.6
28.3
37.8
29.3
32.9
48.6
25.6
25.8
44.5
27.6
27.9
41.0
27.8
31.2
44.8
25.9
29.3
47.1
25.8
27.1
37.8
28.4
33.8
35.4
27.9
36.7
36.9
28.2
34.9
37.5
28.1
34.4
35.2
27.5
37.3
45.7
25.3
29.0
41.1
25.0
33.9
48.6
25.5
25.9
46.4
26.4
27.2
48.8
25.3
25.9
36.3
26.1
37.6
36.4
26.1
37.5
41.7
27.6
30.7
36.0
28.4
35.6
38.2
29.9
31.9
43.0
28.3
28.7
36.2
28.7
35.1
49.1
25.3
25.6
44.1
26.6
29.3
44.1
26.1
29.8
39.3
28.5
32.2
40.6
25.1
34.3
49.3
25.1
25.6
42.7
25.6
31.7
38.3
26.2
35.5
46.4
26.7
26.9
39.2
26.9
33.9
37.4
28.5
34.1
35.0
32.0
33.0
41.5
25.8
32.7
37.0
29.7
33.3
45.2
26.7
28.1
47.0
25.9
27.1
39.4
27.5
33.1
36.8
30.7
32.5
39.3
25.3
35.4
39.6
26.6
33.8
42.6
27.0
30.4
40.1
27.4
32.5
46.4
25.7
27.9
44.2
25.9
29.9
47.2
26.3
26.5
35.5
28.7
35.8
46.8
26.0
27.2
40.6
29.2
30.2
43.1
26.9
30.0
42.3
26.7
31.0
43.4
27.7
28.9
44.2
27.6
28.2
44.6
27.6
27.8
47.8
25.7
26.5
41.2
29.3
29.5
41.2
27.9
30.9
45.1
26.9
28.0
48.2
25.6
26.2
41.8
25.5
32.7
37.6
25.6
36.8
39.9
28.7
31.4
47.2
25.9
26.9
43.8
26.8
29.4
47.2
25.2
27.6
47.2
25.8
27.0
39.2
26.8
34.0
44.3
26.6
29.1
40.5
27.0
32.5
49.0
25.2
25.8
36.7
28.0
35.3
43.7
25.5
30.8
45.6
26.2
28.2
49.9
25.0
25.1
45.3
25.2
29.5
35.1
30.5
34.4
43.2
27.7
29.1
47.3
25.2
27.5
45.3
26.2
28.5
40.6
29.0
30.4
36.0
27.3
36.7
42.5
27.2
30.3
39.1
25.8
35.1
49.3
25.0
25.7
38.7
29.1
32.2
49.8
25.0
25.2
36.2
25.3
38.5
40.6
28.7
30.7
43.4
26.6
30.0
35.3
26.5
38.2
41.9
28.6
29.5
46.0
26.0
28.0
45.6
26.9
27.5
47.8
25.6
26.6
39.6
25.1
35.3
47.7
26.1
26.2
44.2
27.3
28.5
43.2
28.0
28.8
35.5
28.7
35.8
47.5
25.2
27.3
37.3
30.6
32.1
43.4
25.8
30.8
37.4
30.9
31.7
37.8
29.7
32.5
35.8
26.2
38.0
36.2
30.6
33.2
35.2
25.5
39.3
45.5
25.0
29.5
47.6
25.3
27.1
45.7
25.9
28.4
37.3
30.6
32.1
36.1
25.4
38.5
39.7
27.8
32.5
38.9
25.1
36.0
40.5
27.3
32.2
38.9
29.4
31.7
40.4
27.3
32.3
45.2
26.1
28.7
45.8
26.3
27.9
43.2
28.2
28.6
35.3
27.0
37.7
38.3
26.6
35.1
38.9
29.0
32.1
44.3
27.5
28.2
39.1
27.1
33.8
