t501_05
100.0 501 167
41.2
25.5
33.3
46.1
26.7
27.2
41.7
26.5
31.8
47.6
25.3
27.1
46.1
25.2
28.7
43.3
26.2
30.5
37.6
31.0
31.4
45.0
25.7
29.3
44.2
25.5
30.3
47.2
25.7
27.1
40.7
26.4
32.9
43.7
26.8
29.5
37.4
27.6
35.0
41.6
27.9
30.5
36.7
31.1
32.2
49.8
25.0
25.2
38.2
29.6
32.2
39.4
28.2
32.4
48.5
25.3
26.2
35.1
28.2
36.7
44.1
27.6
28.3
45.7
25.6
28.7
42.6
26.1
31.3
38.1
25.3
36.6
37.7
30.8
31.5
42.9
26.1
31.0
38.8
29.3
31.9
40.4
27.5
32.1
48.5
25.3
26.2
48.5
25.2
26.3
45.4
25.5
29.1
46.8
25.8
27.4
43.6
25.9
30.5
48.1
25.7
26.2
43.9
27.7
28.4
49.8
25.0
25.2
43.8
27.6
28.6
35.6
27.2
37.2
44.3
27.7
28.0
43.1
27.5
29.4
39.5
29.8
30.7
42.7
27.8
29.5
40.3
26.9
32.8
45.2
27.1
27.7
49.5
25.0
25.5
37.9
27.4
34.7
40.0
25.9
34.1
44.4
25.0
30.6
48.9
25.2
25.9
48.6
25.4
26.0
48.0
25.7
26.3
46.4
26.2
27.4
38.0
25.1
36.9
37.8
30.0
32.2
42.4
27.8
29.8
47.3
25.0
27.7
45.6
27.1
27.3
35.9
30.0
34.1
47.8
25.4
26.8
42.9
28.2
28.9
48.9
25.0
26.1
47.2
25.8
27.0
42.7
27.9
29.4
46.0
25.3
28.7
38.4
25.8
35.8
45.2
27.3
27.5
42.6
27.9
29.5
41.1
26.9
32.0
46.1
25.4
28.5
44.8
27.3
27.9
35.6
29.6
34.8
36.0
30.5
33.5
45.2
25.6
29.2
44.0
26.1
29.9
35.3
27.8
36.9
39.4
29.7
30.9
35.5
28.0
36.5
36.5
28.8
34.7
47.6
25.2
27.2
44.9
25.0
30.1
38.3
25.5
36.2
46.4
26.2
27.4
48.8
25.5
25.7
40.8
28.4
30.8
46.2
25.2
28.6
44.4
25.3
30.3
47.6
25.9
26.5
47.4
25.5
27.1
47.3
25.8
26.9
47.9
25.0
27.1
39.5
28.6
31.9
47.1
25.5
27.4
39.8
25.0
35.2
46.5
25.8
27.7
37.5
25.9
36.6
43.9
25.1
31.0
38.1
26.5
35.4
35.7
25.3
39.0
36.7
26.6
36.7
36.2
27.5
36.3
39.8
28.8
31.4
42.0
25.1
32.9
45.7
26.2
28.1
48.4
25.4
26.2
38.2
28.4
33.4
39.8
25.8
34.4
38.1
26.5
35.4
40.1
25.8
34.1
38.1
26.2
35.7
47.8
25.4
26.8
40.8
29.5
29.7
45.8
25.1
29.1
43.4
25.2
31.4
41.7
25.6
32.7
40.8
29.5
29.7
38.7
28.5
32.8
35.8
29.1
35.1
44.9
25.7
29.4
42.4
26.4
31.2
37.3
28.9
33.8
47.4
25.0
27.6
36.3
26.8
36.9
35.4
31.8
32.8
41.4
26.6
32.0
47.3
25.4
27.3
46.0
26.2
27.8
46.5
25.7
27.8
49.1
25.3
25.6
44.3
27.0
28.7
42.9
27.0
30.1
47.9
25.0
27.1
43.7
27.5
28.8
49.6
25.0
25.4
42.9
28.4
28.7
41.3
25.3
33.4
39.3
29.2
31.5
40.2
26.4
33.4
37.5
25.0
37.5
43.0
26.2
30.8
45.3
26.3
28.4
46.0
26.5
27.5
35.0
30.7
34.3
40.5
29.5
30.0
43.4
25.9
30.7
38.9
28.1
33.0
46.2
26.3
27.5
35.6
31.0
33.4
48.4
25.4
26.2
39.2
26.3
34.5
46.7
25.5
27.8
48.8
25.5
25.7
49.0
25.3
25.7
35.4
27.9
36.7
45.4
26.0
28.6
38.7
29.3
32.0
43.0
28.1
28.9
47.0
25.7
27.3
42.3
27.8
29.9
35.5
31.6
32.9
49.0
25.0
26.0
41.2
25.3
33.5
35.0
30.1
34.9
44.6
26.2
29.2
38.1
27.4
34.5
44.0
26.4
29.6
40.4
27.3
32.3
49.8
25.0
25.2
