t501_06
100.0 501 167
36.3
27.4
36.3
36.4
29.1
34.5
39.6
27.4
33.0
44.3
27.7
28.0
47.7
25.9
26.4
41.4
28.2
30.4
43.5
26.5
30.0
41.7
28.3
30.0
46.7
25.2
28.1
38.3
25.3
36.4
42.0
25.7
32.3
49.8
25.0
25.2
45.2
26.7
28.1
47.9
25.7
26.4
36.2
27.8
36.0
36.4
26.0
37.6
39.9
26.7
33.4
44.1
26.1
29.8
38.9
28.2
32.9
38.6
26.1
35.3
39.8
27.0
33.2
45.9
26.6
27.5
37.4
28.0
34.6
41.8
27.7
30.5
45.8
26.3
27.9
48.2
25.3
26.5
36.2
31.3
32.5
48.7
25.0
26.3
42.1
26.5
31.4
35.2
31.4
33.4
45.6
25.9
28.5
39.4
29.8
30.8
46.5
25.7
27.8
42.7
25.6
31.7
35.5
30.1
34.4
47.4
25.2
27.4
47.0
26.2
26.8
44.8
25.1
30.1
39.9
25.2
34.9
49.7
25.0
25.3
38.1
29.8
32.1
40.7
27.7
31.6
43.5
26.1
30.4
43.9
27.3
28.8
35.7
27.4
36.9
37.4
25.4
37.2
38.7
27.4
33.9
43.0
27.4
29.6
41.3
27.6
31.1
46.5
25.7
27.8
45.7
25.2
29.1
35.8
30.5
33.7
45.6
26.4
28.0
48.6
25.0
26.4
39.3
27.1
33.6
37.6
29.9
32.5
46.5
26.6
26.9
36.4
31.7
31.9
46.7
25.8
27.5
40.4
27.9
31.7
39.7
29.6
30.7
40.3
27.4
32.3
38.4
28.5
33.1
37.7
30.1
32.2
36.2
28.6
35.2
42.6
27.3
30.1
41.4
25.7
32.9
41.3
28.3
30.4
35.3
27.1
37.6
42.6
25.0
32.4
39.0
27.1
33.9
36.2
26.0
37.8
35.4
26.5
38.1
48.0
25.6
26.4
35.6
28.8
35.6
38.8
25.2
36.0
42.7
25.0
32.3
36.8
29.3
33.9
36.0
31.4
32.6
37.0
28.1
34.9
38.2
27.7
34.1
49.0
25.2
25.8
39.3
28.1
32.6
45.1
26.2
28.7
49.4
25.2
25.4
40.9
28.3
30.8
37.5
28.1
34.4
47.9
25.9
26.2
43.4
27.8
28.8
36.8
29.5
33.7
40.2
25.8
34.0
40.5
27.1
32.4
39.3
30.0
30.7
42.6
27.6
29.8
40.5
26.9
32.6
45.2
26.1
28.7
42.1
27.9
30.0
36.5
29.8
33.7
36.7
25.8
37.5
39.9
28.9
31.2
46.7
25.1
28.2
37.6
27.9
34.5
35.2
30.9
33.9
43.0
28.3
28.7
35.2
31.4
33.4
35.2
25.1
39.7
48.0
25.0
27.0
42.8
26.1
31.1
44.8
25.7
29.5
49.8
25.0
25.2
41.9
26.3
31.8
42.4
26.3
31.3
49.0
25.1
25.9
48.6
25.2
26.2
41.0
25.1
33.9
44.0
25.5
30.5
42.7
26.6
30.7
47.8
25.0
27.2
44.0
25.8
30.2
47.6
25.6
26.8
36.8
25.2
38.0
47.4
26.1
26.5
47.3
26.0
26.7
44.0
27.8
28.2
42.7
26.7
30.6
38.8
27.5
33.7
47.3
25.3
27.4
39.5
29.5
31.0
40.8
27.4
31.8
41.3
28.3
30.4
45.4
25.3
29.3
37.8
29.5
32.7
39.2
29.6
31.2
46.8
25.5
27.7
46.8
25.3
27.9
40.1
28.6
31.3
42.5
28.6
28.9
37.5
25.2
37.3
48.7
25.1
26.2
40.9
25.5
33.6
44.5
25.4
30.1
44.8
26.5
28.7
49.7
25.0
25.3
41.6
26.2
32.2
46.6
25.1
28.3
40.4
27.2
32.4
49.4
25.2
25.4
49.3
25.1
25.6
36.0
29.9
34.1
44.7
27.4
27.9
36.4
27.8
35.8
46.8
25.3
27.9
40.4
27.3
32.3
38.2
30.0
31.8
38.9
25.2
35.9
46.4
26.5
27.1
49.1
25.1
25.8
41.5
28.8
29.7
45.5
25.6
28.9
48.4
25.6
26.0
46.7
25.7
27.6
35.9
29.1
35.0
42.9
26.1
31.0
38.8
30.0
31.2
42.3
28.5
29.2
36.7
27.6
35.7
49.9
25.0
25.1
