t501_03
100.0 501 167
49.7
25.0
25.3
35.4
31.3
33.3
47.9
25.9
26.2
41.6
28.9
29.5
41.3
28.5
30.2
41.0
25.5
33.5
47.0
25.7
27.3
35.7
27.4
36.9
36.1
26.9
37.0
39.2
29.3
31.5
43.5
26.8
29.7
47.5
26.0
26.5
40.8
28.9
30.3
40.8
27.0
32.2
35.3
32.2
32.5
35.3
29.4
35.3
41.8
28.4
29.8
37.8
28.1
34.1
39.2
30.1
30.7
48.9
25.4
25.7
48.6
25.3
26.1
39.2
30.2
30.6
36.5
28.0
35.5
44.0
27.4
28.6
41.4
28.1
30.5
37.4
30.0
32.6
37.6
25.7
36.7
45.7
26.0
28.3
41.7
29.0
29.3
47.5
26.1
26.4
36.0
28.2
35.8
38.4
29.1
32.5
46.8
26.5
26.7
45.5
25.9
28.6
48.0
25.2
26.8
37.1
29.1
33.8
39.5
28.7
31.8
37.6
27.1
35.3
38.3
29.9
31.8
37.7
26.6
35.7
38.2
28.8
33.0
49.4
25.2
25.4
46.5
25.2
28.3
39.9
27.5
32.6
41.6
26.8
31.6
47.4
25.4
27.2
46.6
26.3
27.1
36.9
28.1
35.0
47.7
25.6
26.7
46.3
26.4
27.3
42.3
27.2
30.5
35.9
30.1
34.0
49.4
25.1
25.5
46.6
26.1
27.3
43.4
25.4
31.2
41.9
28.8
29.3
49.9
25.0
25.1
46.9
25.4
27.7
35.2
31.6
33.2
42.6
25.2
32.2
40.7
27.1
32.2
42.8
26.0
31.2
47.6
25.7
26.7
38.7
25.4
35.9
35.0
28.1
36.9
45.2
25.2
29.6
37.5
29.9
32.6
39.4
27.8
32.8
46.0
26.7
27.3
36.4
25.8
37.8
40.8
26.7
32.5
49.5
25.0
25.5
37.9
28.7
33.4
43.9
25.9
30.2
38.7
28.7
32.6
37.3
25.6
37.1
46.5
26.1
27.4
46.3
26.5
27.2
36.7
28.4
34.9
41.0
29.1
29.9
43.5
27.6
28.9
43.8
25.8
30.4
39.8
28.7
31.5
37.5
27.0
35.5
40.0
25.5
34.5
46.2
25.5
28.3
37.7
28.6
33.7
48.5
25.2
26.3
36.8
25.9
37.3
42.3
27.5
30.2
44.9
27.2
27.9
39.7
28.1
32.2
45.3
25.2
29.5
43.4
26.6
30.0
41.9
27.9
30.2
43.5
25.4
31.1
45.0
27.2
27.8
38.2
27.2
34.6
43.7
25.1
31.2
43.8
25.8
30.4
43.4
25.8
30.8
40.7
29.6
29.7
41.7
26.1
32.2
36.9
31.1
32.0
47.9
25.0
27.1
43.5
27.8
28.7
44.3
26.6
29.1
42.5
25.2
32.3
37.8
26.7
35.5
44.8
26.5
28.7
49.8
25.0
25.2
35.6
29.9
34.5
40.9
27.7
31.4
36.9
26.3
36.8
43.7
26.2
30.1
48.9
25.2
25.9
37.3
28.7
34.0
38.2
29.2
32.6
39.6
29.5
30.9
38.6
28.7
32.7
35.1
25.7
39.2
43.8
25.5
30.7
44.4
25.3
30.3
47.5
25.5
27.0
41.2
25.3
33.5
37.6
30.5
31.9
38.4
25.6
36.0
37.1
26.9
36.0
45.8
26.5
27.7
35.6
28.4
36.0
48.7
25.1
26.2
35.9
28.2
35.9
40.8
26.3
32.9
44.3
26.4
29.3
46.6
26.6
26.8
49.2
25.3
25.5
42.6
25.0
32.4
38.0
27.2
34.8
45.4
25.1
29.5
42.1
25.4
32.5
43.2
26.2
30.6
39.1
26.0
34.9
39.1
26.3
34.6
47.3
25.0
27.7
44.1
26.4
29.5
47.3
25.7
27.0
42.8
26.7
30.5
44.1
26.6
29.3
44.7
27.3
28.0
44.3
25.4
30.3
46.2
26.1
27.7
38.3
28.6
33.1
37.6
28.2
34.2
45.4
26.9
27.7
40.2
27.3
32.5
44.6
25.8
29.6
49.7
25.0
25.3
41.0
25.4
33.6
44.5
25.8
29.7
46.6
25.7
27.7
44.0
26.1
29.9
38.2
28.3
33.5
44.0
25.9
30.1
42.9
25.8
31.3
35.2
31.8
33.0
45.2
25.5
29.3
42.8
25.3
31.9
