t501_17
100.0 501 167
47.4
25.4
27.2
36.8
30.5
32.7
46.0
25.2
28.8
37.3
31.2
31.5
44.1
25.4
30.5
40.6
26.2
33.2
36.0
30.7
33.3
42.6
25.2
32.2
43.9
25.2
30.9
44.4
26.5
29.1
49.7
25.0
25.3
36.0
27.4
36.6
35.0
25.4
39.6
39.5
25.4
35.1
43.7
26.4
29.9
41.7
28.4
29.9
48.3
25.4
26.3
48.6
25.4
26.0
41.7
27.9
30.4
38.6
28.4
33.0
45.5
25.7
28.8
47.4
26.0
26.6
41.2
25.3
33.5
46.3
25.0
28.7
44.9
25.6
29.5
41.7
28.9
29.4
43.1
27.2
29.7
48.8
25.2
26.0
46.8
25.9
27.3
36.6
30.7
32.7
49.8
25.0
25.2
41.7
25.1
33.2
40.0
29.0
31.0
45.4
26.9
27.7
41.8
28.6
29.6
35.0
28.3
36.7
48.5
25.4
26.1
43.8
27.7
28.5
42.9
25.6
31.5
36.4
26.0
37.6
38.7
25.2
36.1
43.1
26.3
30.6
38.1
28.8
33.1
36.3
26.7
37.0
48.1
25.3
26.6
48.5
25.6
25.9
41.6
27.1
31.3
49.7
25.0
25.3
44.2
26.4
29.4
48.2
25.7
26.1
46.9
25.3
27.8
42.0
26.0
32.0
46.2
25.4
28.4
47.2
25.0
27.8
45.3
26.7
28.0
49.2
25.0
25.8
37.2
30.5
32.3
48.4
25.3
26.3
37.0
29.2
33.8
36.8
29.4
33.8
37.6
30.0
32.4
48.5
25.2
26.3
41.7
26.5
31.8
38.0
30.3
31.7
37.9
29.0
33.1
37.9
29.0
33.1
44.6
25.2
30.2
44.7
26.8
28.5
47.6
25.7
26.7
41.3
29.1
29.6
39.2
28.0
32.8
36.6
28.9
34.5
37.0
25.0
38.0
36.0
25.6
38.4
37.1
29.7
33.2
37.7
26.2
36.1
41.7
27.3
31.0
35.5
31.2
33.3
35.7
26.1
38.2
40.4
28.2
31.4
38.3
26.0
35.7
47.2
25.3
27.5
45.9
25.3
28.8
42.9
28.2
28.9
37.7
28.8
33.5
41.7
27.0
31.3
39.6
29.2
31.2
39.0
29.4
31.6
40.2
28.0
31.8
43.4
25.4
31.2
43.6
26.5
29.9
45.6
26.7
27.7
43.5
27.6
28.9
46.3
26.1
27.6
47.3
25.8
26.9
40.3
25.7
34.0
40.4
26.7
32.9
48.9
25.0
26.1
40.1
29.4
30.5
36.0
27.0
37.0
44.6
25.7
29.7
35.0
25.0
40.0
47.1
25.6
27.3
46.2
26.1
27.7
38.2
30.6
31.2
39.2
25.5
35.3
37.4
31.2
31.4
36.2
26.0
37.8
39.5
27.9
32.6
42.2
27.3
30.5
47.7
25.9
26.4
45.9
26.1
28.0
35.6
26.1
38.3
46.6
25.0
28.4
45.7
26.9
27.4
35.6
25.7
38.7
36.4
28.0
35.6
42.0
25.6
32.4
46.0
25.7
28.3
35.7
29.3
35.0
45.2
27.2
27.6
38.1
26.4
35.5
43.7
27.7
28.6
45.3
26.5
28.2
43.7
27.8
28.5
49.8
25.0
25.2
38.2
26.6
35.2
45.4
26.8
27.8
43.0
26.5
30.5
46.7
26.1
27.2
38.3
29.9
31.8
48.1
25.7
26.2
46.7
25.9
27.4
45.0
25.9
29.1
42.6
25.9
31.5
41.9
25.9
32.2
40.7
29.5
29.8
39.0
28.9
32.1
41.1
25.5
33.4
38.4
26.5
35.1
41.3
27.9
30.8
45.8
25.9
28.3
41.2
26.3
32.5
35.2
30.7
34.1
47.0
26.4
26.6
41.8
26.8
31.4
41.5
28.9
29.6
42.9
26.8
30.3
44.7
25.3
30.0
48.4
25.5
26.1
43.2
25.2
31.6
38.7
28.0
33.3
43.2
25.6
31.2
44.8
27.5
27.7
47.2
25.0
27.8
41.1
25.5
33.4
40.6
29.6
29.8
49.0
25.0
26.0
47.2
25.8
27.0
37.2
25.9
36.9
44.0
27.6
28.4
46.9
26.0
27.1
47.8
25.1
27.1
39.2
28.4
32.4
49.6
25.1
25.3
46.1
26.3
27.6
48.9
25.4
25.7
