t501_14
100.0 501 167
37.2
27.9
34.9
36.7
31.6
31.7
44.4
25.7
29.9
36.8
25.7
37.5
49.6
25.1
25.3
39.1
25.2
35.7
39.6
29.6
30.8
36.5
26.4
37.1
48.2
25.3
26.5
43.7
25.4
30.9
35.3
30.4
34.3
41.0
25.3
33.7
41.9
26.0
32.1
48.6
25.1
26.3
48.6
25.0
26.4
40.4
29.6
30.0
40.8
27.5
31.7
49.3
25.1
25.6
44.4
27.6
28.0
35.6
26.8
37.6
44.4
26.6
29.0
42.6
28.0
29.4
36.9
26.4
36.7
35.4
28.6
36.0
37.3
29.5
33.2
48.4
25.6
26.0
49.5
25.1
25.4
41.1
27.4
31.5
49.7
25.0
25.3
35.4
27.7
36.9
39.9
26.8
33.3
49.8
25.0
25.2
38.9
26.8
34.3
36.9
28.5
34.6
38.2
30.6
31.2
37.2
28.0
34.8
48.6
25.1
26.3
49.0
25.0
26.0
45.5
25.4
29.1
41.5
27.2
31.3
45.7
25.3
29.0
47.5
25.1
27.4
40.7
25.3
34.0
43.5
27.0
29.5
43.6
25.0
31.4
42.3
26.7
31.0
42.9
27.2
29.9
48.4
25.0
26.6
46.1
25.7
28.2
38.3
25.5
36.2
39.0
29.1
31.9
48.5
25.3
26.2
43.1
25.2
31.7
44.1
27.8
28.1
47.5
25.3
27.2
37.4
26.0
36.6
41.1
27.7
31.2
36.3
29.2
34.5
43.3
26.6
30.1
45.3
25.8
28.9
40.0
27.0
33.0
36.5
29.2
34.3
45.9
26.0
28.1
45.6
25.5
28.9
45.2
25.0
29.8
39.9
25.8
34.3
40.5
25.2
34.3
36.5
28.8
34.7
38.1
26.9
35.0
41.0
26.8
32.2
35.0
30.3
34.7
43.0
25.0
32.0
36.1
31.3
32.6
43.5
27.2
29.3
38.8
29.5
31.7
45.3
25.5
29.2
35.3
29.6
35.1
43.2
25.6
31.2
45.4
26.1
28.5
48.2
25.0
26.8
41.0
25.7
33.3
49.0
25.0
26.0
35.4
27.7
36.9
35.7
26.9
37.4
38.2
28.7
33.1
47.0
26.1
26.9
48.1
25.5
26.4
46.6
26.2
27.2
49.1
25.2
25.7
43.2
26.1
30.7
44.4
27.4
28.2
44.9
26.5
28.6
48.3
25.7
26.0
44.6
27.5
27.9
40.2
29.4
30.4
36.2
31.4
32.4
44.4
25.8
29.8
41.1
26.4
32.5
35.8
26.1
38.1
35.9
25.0
39.1
35.3
27.3
37.4
41.3
27.3
31.4
41.4
26.0
32.6
48.5
25.5
26.0
49.9
25.0
25.1
45.6
26.4
28.0
47.4
25.8
26.8
48.0
25.6
26.4
37.9
25.7
36.4
48.5
25.7
25.8
45.8
25.9
28.3
42.4
26.2
31.4
39.0
25.1
35.9
40.1
29.4
30.5
46.7
25.9
27.4
42.1
27.2
30.7
40.5
29.3
30.2
41.6
26.2
32.2
39.7
29.7
30.6
45.8
26.2
28.0
37.6
25.6
36.8
46.1
26.2
27.7
36.0
27.3
36.7
40.8
25.0
34.2
38.5
29.0
32.5
46.7
25.6
27.7
49.5
25.1
25.4
42.1
27.6
30.3
43.8
25.5
30.7
36.4
27.1
36.5
48.6
25.0
26.4
36.0
29.9
34.1
47.0
25.1
27.9
41.2
26.8
32.0
48.7
25.4
25.9
41.8
28.5
29.7
35.9
31.3
32.8
46.2
25.7
28.1
36.5
28.8
34.7
49.0
25.3
25.7
43.8
26.3
29.9
39.3
27.8
32.9
39.9
28.7
31.4
49.4
25.1
25.5
42.8
28.5
28.7
35.5
30.1
34.4
43.9
27.7
28.4
35.3
28.3
36.4
37.7
30.3
32.0
45.6
26.0
28.4
48.8
25.2
26.0
48.9
25.0
26.1
42.8
26.3
30.9
44.1
25.4
30.5
42.7
25.7
31.6
35.3
31.5
33.2
48.6
25.5
25.9
46.3
25.8
27.9
38.8
27.1
34.1
37.8
28.3
33.9
36.1
29.6
34.3
42.7
25.3
32.0
47.5
26.1
26.4
41.4
27.6
31.0
36.0
28.4
35.6
40.5
25.4
34.1
38.8
25.6
35.6
