t501_19
100.0 501 167
36.0
26.5
37.5
46.0
26.8
27.2
40.0
26.1
33.9
37.5
30.4
32.1
46.2
25.1
28.7
39.8
26.5
33.7
49.2
25.1
25.7
46.2
26.4
27.4
49.5
25.0
25.5
41.5
26.7
31.8
38.1
27.9
34.0
36.8
29.9
33.3
46.5
25.7
27.8
48.7
25.5
25.8
48.7
25.4
25.9
44.7
27.1
28.2
35.3
28.3
36.4
42.6
26.3
31.1
46.2
26.4
27.4
44.2
26.4
29.4
35.1
26.6
38.3
44.5
26.5
29.0
44.3
25.8
29.9
36.5
31.0
32.5
49.4
25.0
25.6
39.4
28.2
32.4
47.7
25.1
27.2
46.4
25.9
27.7
42.9
26.7
30.4
45.4
26.7
27.9
40.9
25.0
34.1
42.9
25.5
31.6
39.6
25.2
35.2
44.9
27.4
27.7
49.2
25.2
25.6
46.6
26.5
26.9
49.2
25.0
25.8
46.2
26.4
27.4
49.9
25.0
25.1
42.9
25.4
31.7
49.8
25.0
25.2
45.5
26.8
27.7
48.8
25.2
26.0
47.8
25.3
26.9
42.9
28.3
28.8
41.1
25.1
33.8
39.5
26.5
34.0
39.6
26.8
33.6
45.7
26.4
27.9
43.2
26.1
30.7
38.9
28.8
32.3
43.7
26.4
29.9
48.1
25.6
26.3
47.0
26.3
26.7
47.9
25.2
26.9
37.5
27.1
35.4
38.5
30.6
30.9
43.1
28.0
28.9
38.9
28.9
32.2
37.1
31.0
31.9
45.9
26.0
28.1
46.9
26.0
27.1
41.2
27.2
31.6
41.4
26.1
32.5
40.5
25.2
34.3
47.6
25.2
27.2
38.9
28.1
33.0
42.1
27.0
30.9
40.9
27.1
32.0
36.3
28.6
35.1
46.1
26.7
27.2
48.0
25.6
26.4
39.7
28.0
32.3
48.2
25.8
26.0
49.0
25.3
25.7
48.9
25.0
26.1
37.3
26.0
36.7
46.4
25.4
28.2
40.1
25.2
34.7
35.6
27.4
37.0
47.8
25.7
26.5
43.0
25.2
31.8
41.8
25.8
32.4
42.9
26.2
30.9
35.9
30.4
33.7
46.9
25.7
27.4
49.4
25.1
25.5
39.8
29.8
30.4
47.0
25.9
27.1
35.6
31.6
32.8
45.5
27.2
27.3
43.4
26.7
29.9
46.8
25.9
27.3
35.8
29.0
35.2
43.6
25.5
30.9
47.1
25.4
27.5
49.1
25.2
25.7
35.7
29.6
34.7
39.7
28.5
31.8
43.1
25.7
31.2
42.6
27.2
30.2
44.1
25.1
30.8
49.2
25.3
25.5
37.9
27.9
34.2
42.0
26.8
31.2
36.3
25.4
38.3
40.6
27.7
31.7
41.2
25.3
33.5
41.8
26.3
31.9
45.3
25.1
29.6
44.7
25.8
29.5
37.6
29.1
33.3
41.1
28.5
30.4
35.4
27.3
37.3
37.2
29.4
33.4
38.9
25.5
35.6
48.9
25.4
25.7
39.6
29.8
30.6
43.2
26.5
30.3
48.2
25.5
26.3
48.4
25.3
26.3
35.8
26.4
37.8
45.4
25.4
29.2
36.1
26.2
37.7
41.1
28.5
30.4
41.2
25.1
33.7
40.3
28.2
31.5
48.5
25.1
26.4
36.9
31.2
31.9
47.5
25.8
26.7
44.3
25.4
30.3
47.1
26.3
26.6
37.9
27.3
34.8
48.4
25.5
26.1
37.6
29.6
32.8
37.7
26.4
35.9
42.4
25.2
32.4
47.6
25.6
26.8
49.4
25.0
25.6
48.8
25.4
25.8
46.2
25.5
28.3
49.9
25.0
25.1
43.4
27.7
28.9
47.5
25.9
26.6
40.4
28.8
30.8
45.1
25.3
29.6
42.5
25.9
31.6
47.9
25.8
26.3
48.1
25.4
26.5
41.6
27.2
31.2
41.6
25.1
33.3
44.9
25.4
29.7
48.8
25.1
26.1
39.1
26.5
34.4
40.0
28.9
31.1
42.3
25.0
32.7
35.0
28.3
36.7
49.9
25.0
25.1
41.3
29.2
29.5
35.0
30.9
34.1
38.6
27.8
33.6
47.7
25.4
26.9
48.2
25.5
26.3
48.1
25.4
26.5
46.6
25.9
27.5
42.1
26.4
31.5
41.0
25.0
34.0
