t501_16
100.0 501 167
47.0
26.3
26.7
43.5
26.3
30.2
40.3
25.5
34.2
46.1
26.4
27.5
38.7
29.4
31.9
43.7
26.4
29.9
45.3
26.4
28.3
37.3
29.6
33.1
38.3
29.4
32.3
49.5
25.2
25.3
37.9
30.9
31.2
45.0
25.2
29.8
49.3
25.0
25.7
46.0
25.4
28.6
38.1
29.0
32.9
40.5
25.5
34.0
45.4
26.3
28.3
38.8
28.0
33.2
42.1
25.4
32.5
42.8
27.9
29.3
36.7
27.2
36.1
35.5
31.0
33.5
37.5
25.0
37.5
39.4
27.9
32.7
46.2
26.3
27.5
45.4
26.9
27.7
45.3
27.2
27.5
44.7
26.1
29.2
38.5
25.6
35.9
46.3
25.1
28.6
42.1
26.3
31.6
46.2
26.8
27.0
49.8
25.0
25.2
36.1
26.8
37.1
47.3
25.3
27.4
37.9
27.0
35.1
39.7
26.4
33.9
47.1
25.6
27.3
41.6
27.5
30.9
35.6
29.6
34.8
43.6
26.3
30.1
48.5
25.1
26.4
49.5
25.1
25.4
45.6
26.4
28.0
40.3
26.1
33.6
37.4
27.2
35.4
42.4
25.3
32.3
45.3
25.6
29.1
48.0
25.2
26.8
35.2
31.4
33.4
43.1
28.0
28.9
44.6
25.0
30.4
49.1
25.3
25.6
48.7
25.0
26.3
45.6
26.8
27.6
44.3
26.6
29.1
40.1
27.8
32.1
40.2
28.5
31.3
48.0
25.9
26.1
47.8
25.3
26.9
40.1
25.2
34.7
41.5
26.6
31.9
40.5
27.1
32.4
47.9
25.7
26.4
47.7
25.3
27.0
47.8
25.8
26.4
38.0
29.8
32.2
47.5
25.7
26.8
48.4
25.4
26.2
36.5
27.0
36.5
38.3
29.6
32.1
36.1
25.4
38.5
46.7
25.7
27.6
36.1
27.8
36.1
36.3
27.3
36.4
35.6
27.5
36.9
45.0
25.6
29.4
49.6
25.0
25.4
35.8
30.9
33.3
44.1
25.8
30.1
49.1
25.3
25.6
38.3
28.7
33.0
42.5
25.4
32.1
35.2
30.1
34.7
44.2
25.2
30.6
41.4
25.6
33.0
39.2
27.9
32.9
48.1
25.1
26.8
49.6
25.1
25.3
49.7
25.0
25.3
46.8
25.5
27.7
42.1
28.6
29.3
48.6
25.5
25.9
42.1
25.3
32.6
47.9
25.1
27.0
41.5
26.2
32.3
46.5
26.5
27.0
36.4
28.4
35.2
42.3
28.3
29.4
49.9
25.0
25.1
38.2
26.0
35.8
36.5
29.9
33.6
36.1
27.5
36.4
43.3
27.6
29.1
38.2
29.6
32.2
37.4
28.6
34.0
37.2
29.1
33.7
42.9
28.1
29.0
45.8
27.0
27.2
39.3
28.5
32.2
42.0
28.7
29.3
42.6
25.4
32.0
49.7
25.0
25.3
35.2
28.9
35.9
46.1
26.1
27.8
42.1
27.4
30.5
44.9
26.5
28.6
47.5
25.2
27.3
48.1
25.3
26.6
36.4
28.1
35.5
44.2
26.1
29.7
36.1
26.7
37.2
45.9
25.9
28.2
49.0
25.4
25.6
35.7
30.9
33.4
36.5
25.4
38.1
42.9
25.9
31.2
45.3
25.7
29.0
49.7
25.0
25.3
44.7
26.0
29.3
42.0
25.4
32.6
39.8
26.5
33.7
39.8
26.4
33.8
40.0
28.1
31.9
38.2
30.2
31.6
36.3
27.7
36.0
36.2
27.0
36.8
39.5
30.0
30.5
45.1
25.3
29.6
37.9
30.9
31.2
48.9
25.3
25.8
41.2
27.7
31.1
39.5
29.6
30.9
37.2
26.6
36.2
39.1
30.1
30.8
39.6
26.7
33.7
48.3
25.5
26.2
37.3
26.0
36.7
48.3
25.0
26.7
48.6
25.5
25.9
41.3
28.6
30.1
37.9
27.1
35.0
46.2
25.0
28.8
45.6
26.4
28.0
35.9
25.4
38.7
44.0
26.2
29.8
47.5
25.0
27.5
42.1
25.8
32.1
37.9
25.3
36.8
40.4
25.3
34.3
40.7
26.3
33.0
35.7
27.6
36.7
38.3
25.2
36.5
36.5
29.0
34.5
44.2
25.3
30.5
41.3
28.0
30.7
47.0
25.2
27.8
