t501_12
100.0 501 167
37.7
29.7
32.6
46.4
25.1
28.5
46.0
26.2
27.8
40.6
25.9
33.5
37.3
27.9
34.8
45.2
25.0
29.8
47.0
25.4
27.6
47.6
25.7
26.7
46.6
25.5
27.9
47.9
25.0
27.1
45.3
25.4
29.3
46.4
25.9
27.7
41.0
27.2
31.8
37.7
25.9
36.4
46.2
25.1
28.7
35.2
29.1
35.7
37.4
27.8
34.8
35.4
26.7
37.9
41.2
27.0
31.8
38.3
29.6
32.1
42.8
26.7
30.5
43.1
26.0
30.9
47.0
25.8
27.2
43.5
25.9
30.6
47.1
26.0
26.9
48.0
25.7
26.3
49.2
25.0
25.8
49.8
25.0
25.2
42.9
26.9
30.2
43.0
27.5
29.5
38.5
29.7
31.8
37.8
25.2
37.0
39.5
27.5
33.0
48.4
25.2
26.4
36.3
31.2
32.5
47.9
25.6
26.5
39.5
26.1
34.4
43.5
25.3
31.2
45.3
26.9
27.8
46.9
25.2
27.9
46.6
25.7
27.7
35.4
30.2
34.4
44.0
25.7
30.3
37.5
28.5
34.0
37.9
27.6
34.5
45.1
25.2
29.7
49.1
25.1
25.8
35.1
31.9
33.0
44.5
26.1
29.4
45.8
25.5
28.7
46.2
26.6
27.2
48.5
25.5
26.0
39.4
26.2
34.4
48.4
25.6
26.0
42.4
28.7
28.9
41.2
25.7
33.1
38.7
25.8
35.5
47.2
25.5
27.3
48.8
25.1
26.1
35.1
28.3
36.6
40.6
26.6
32.8
49.5
25.1
25.4
43.3
25.9
30.8
39.7
25.7
34.6
36.2
29.2
34.6
37.0
28.2
34.8
39.2
28.9
31.9
37.6
26.2
36.2
45.8
25.8
28.4
43.7
25.0
31.3
44.1
27.6
28.3
49.0
25.2
25.8
48.4
25.4
26.2
49.9
25.0
25.1
41.4
28.4
30.2
39.2
29.3
31.5
40.6
25.0
34.4
47.7
25.9
26.4
46.8
26.3
26.9
49.1
25.0
25.9
46.8
25.8
27.4
36.0
26.6
37.4
48.2
25.5
26.3
44.6
25.0
30.4
37.1
28.8
34.1
45.2
26.6
28.2
37.0
28.9
34.1
42.4
25.6
32.0
41.5
26.9
31.6
47.2
25.4
27.4
48.0
25.2
26.8
41.1
29.1
29.8
40.5
26.9
32.6
48.0
25.2
26.8
41.6
26.2
32.2
46.1
25.7
28.2
46.7
25.2
28.1
37.3
26.7
36.0
44.9
27.2
27.9
39.3
28.8
31.9
44.6
25.8
29.6
43.1
27.5
29.4
35.3
30.8
33.9
41.1
25.0
33.9
37.1
28.6
34.3
35.4
25.2
39.4
40.7
25.1
34.2
46.8
25.9
27.3
37.1
30.0
32.9
47.1
25.1
27.8
48.9
25.2
25.9
35.7
27.6
36.7
46.1
25.6
28.3
46.0
25.9
28.1
47.3
26.2
26.5
39.7
26.4
33.9
49.0
25.4
25.6
48.6
25.1
26.3
48.2
25.6
26.2
36.3
31.4
32.3
48.9
25.3
25.8
37.0
26.5
36.5
38.1
29.0
32.9
45.4
26.3
28.3
48.0
25.0
27.0
48.1
25.7
26.2
48.0
25.6
26.4
35.4
27.7
36.9
36.9
27.6
35.5
42.7
25.8
31.5
43.5
26.2
30.3
42.8
25.3
31.9
38.2
25.7
36.1
38.8
25.8
35.4
36.1
27.1
36.8
37.1
27.3
35.6
37.5
28.1
34.4
44.3
26.1
29.6
38.6
27.3
34.1
44.2
27.1
28.7
38.6
25.1
36.3
46.5
25.0
28.5
41.5
28.2
30.3
47.3
25.5
27.2
48.6
25.1
26.3
37.0
28.5
34.5
45.4
25.2
29.4
37.1
25.5
37.4
46.7
25.7
27.6
46.2
26.7
27.1
37.4
27.1
35.5
44.8
26.5
28.7
49.4
25.2
25.4
43.5
27.4
29.1
35.3
26.3
38.4
41.8
26.4
31.8
46.8
25.1
28.1
46.1
26.2
27.7
40.4
28.7
30.9
44.1
26.6
29.3
46.6
25.3
28.1
42.5
26.1
31.4
37.9
30.2
31.9
39.6
28.9
31.5
40.4
27.6
32.0
41.6
27.3
31.1
46.7
25.7
27.6
