u1000_11
150.0 1000 401
75.0
39.0
46.0
32.0
92.0
91.0
42.0
35.0
47.0
30.0
76.0
31.0
56.0
54.0
27.0
83.0
95.0
73.0
74.0
28.0
27.0
69.0
32.0
62.0
68.0
97.0
73.0
62.0
28.0
64.0
26.0
69.0
30.0
24.0
38.0
96.0
55.0
28.0
42.0
89.0
62.0
49.0
69.0
52.0
63.0
38.0
32.0
44.0
40.0
94.0
26.0
50.0
91.0
26.0
71.0
87.0
42.0
21.0
89.0
77.0
27.0
46.0
68.0
30.0
51.0
20.0
54.0
21.0
43.0
77.0
22.0
92.0
65.0
62.0
68.0
80.0
93.0
43.0
61.0
81.0
93.0
42.0
95.0
46.0
57.0
66.0
75.0
48.0
50.0
81.0
47.0
40.0
23.0
22.0
21.0
23.0
69.0
22.0
45.0
86.0
100.0
37.0
29.0
51.0
78.0
93.0
72.0
51.0
40.0
60.0
85.0
56.0
73.0
98.0
64.0
90.0
53.0
89.0
33.0
78.0
72.0
43.0
77.0
49.0
83.0
58.0
96.0
52.0
43.0
70.0
63.0
52.0
81.0
96.0
41.0
58.0
68.0
62.0
85.0
86.0
85.0
20.0
66.0
58.0
27.0
80.0
90.0
86.0
56.0
71.0
100.0
31.0
63.0
35.0
71.0
89.0
52.0
61.0
97.0
26.0
72.0
37.0
94.0
74.0
87.0
39.0
64.0
50.0
68.0
60.0
93.0
49.0
54.0
23.0
45.0
69.0
74.0
30.0
26.0
79.0
50.0
99.0
58.0
78.0
91.0
59.0
25.0
97.0
62.0
40.0
58.0
31.0
45.0
20.0
100.0
83.0
61.0
33.0
95.0
39.0
59.0
37.0
96.0
59.0
60.0
98.0
64.0
31.0
75.0
100.0
28.0
49.0
62.0
98.0
49.0
74.0
47.0
58.0
26.0
22.0
86.0
92.0
59.0
63.0
79.0
71.0
100.0
36.0
32.0
93.0
58.0
78.0
48.0
56.0
74.0
65.0
21.0
88.0
27.0
38.0
79.0
43.0
56.0
39.0
89.0
81.0
87.0
37.0
57.0
51.0
23.0
83.0
27.0
43.0
49.0
48.0
33.0
31.0
89.0
64.0
87.0
38.0
71.0
28.0
27.0
54.0
63.0
32.0
98.0
82.0
93.0
40.0
76.0
72.0
100.0
40.0
52.0
48.0
72.0
64.0
23.0
55.0
100.0
36.0
68.0
90.0
100.0
65.0
72.0
53.0
34.0
52.0
99.0
27.0
40.0
68.0
54.0
34.0
71.0
26.0
68.0
65.0
44.0
95.0
92.0
37.0
31.0
59.0
75.0
79.0
87.0
50.0
75.0
68.0
26.0
94.0
49.0
86.0
69.0
76.0
36.0
85.0
51.0
49.0
50.0
71.0
38.0
51.0
95.0
38.0
42.0
95.0
66.0
36.0
21.0
66.0
91.0
63.0
71.0
79.0
56.0
21.0
66.0
100.0
54.0
42.0
45.0
61.0
49.0
46.0
61.0
50.0
60.0
23.0
97.0
97.0
67.0
26.0
48.0
84.0
20.0
92.0
61.0
70.0
72.0
41.0
85.0
27.0
22.0
97.0
50.0
72.0
51.0
29.0
45.0
29.0
66.0
42.0
42.0
37.0
74.0
90.0
93.0
33.0
32.0
72.0
71.0
98.0
62.0
82.0
51.0
21.0
52.0
99.0
27.0
37.0
80.0
58.0
92.0
76.0
32.0
44.0
94.0
73.0
50.0
89.0
27.0
24.0
37.0
51.0
88.0
20.0
97.0
98.0
55.0
69.0
24.0
71.0
53.0
51.0
58.0
81.0
21.0
96.0
28.0
27.0
95.0
71.0
44.0
30.0
88.0
46.0
44.0
37.0
72.0
48.0
83.0
93.0
86.0
70.0
48.0
67.0
64.0
31.0
98.0
40.0
41.0
92.0
93.0
93.0
95.0
22.0
52.0
37.0
99.0
44.0
20.0
82.0
79.0
67.0
87.0
86.0
43.0
87.0
47.0
83.0
58.0
77.0
72.0
57.0
52.0
32.0
81.0
90.0
33.0
80.0
56.0
32.0
92.0
30.0
86.0
37.0
23.0
52.0
85.0
89.0
86.0
93.0
47.0
56.0
81.0
57.0
96.0
72.0
43.0
70.0
59.0
58.0
35.0
47.0
98.0
51.0
74.0
49.0
66.0
74.0
27.0
30.0
89.0
65.0
51.0
54.0
34.0
73.0
48.0
86.0
49.0
80.0
68.0
69.0
69.0
97.0
31.0
100.0
87.0
94.0
43.0
21.0
49.0
32.0
73.0
81.0
55.0
77.0
55.0
75.0
35.0
35.0
98.0
84.0
76.0
66.0
36.0
100.0
34.0
49.0
66.0
55.0
35.0
47.0
95.0
83.0
79.0
58.0
64.0
65.0
39.0
24.0
44.0
62.0
42.0
100.0
59.0
74.0
80.0
66.0
54.0
98.0
56.0
31.0
78.0
30.0
95.0
100.0
42.0
98.0
46.0
78.0
74.0
65.0
65.0
95.0
36.0
41.0
85.0
27.0
63.0
100.0
62.0
72.0
34.0
22.0
55.0
39.0
22.0
21.0
73.0
80.0
51.0
63.0
54.0
20.0
88.0
43.0
83.0
36.0
95.0
20.0
26.0
66.0
45.0
42.0
47.0
89.0
93.0
56.0
57.0
87.0
72.0
78.0
67.0
87.0
43.0
59.0
94.0
86.0
44.0
28.0
29.0
36.0
94.0
48.0
65.0
77.0
70.0
23.0
92.0
73.0
26.0
92.0
26.0
31.0
53.0
56.0
91.0
70.0
50.0
80.0
95.0
25.0
88.0
57.0
57.0
22.0
99.0
47.0
28.0
75.0
64.0
92.0
65.0
20.0
37.0
81.0
69.0
33.0
60.0
72.0
63.0
29.0
22.0
43.0
50.0
23.0
62.0
85.0
37.0
51.0
57.0
62.0
100.0
21.0
72.0
88.0
73.0
39.0
96.0
29.0
72.0
70.0
31.0
34.0
55.0
44.0
79.0
76.0
71.0
61.0
33.0
54.0
32.0
45.0
92.0
95.0
83.0
36.0
56.0
38.0
49.0
52.0
100.0
83.0
21.0
91.0
86.0
69.0
93.0
60.0
97.0
42.0
65.0
46.0
40.0
62.0
99.0
63.0
26.0
28.0
28.0
45.0
61.0
65.0
69.0
81.0
98.0
29.0
65.0
70.0
69.0
86.0
25.0
29.0
31.0
93.0
59.0
40.0
87.0
86.0
51.0
35.0
31.0
48.0
78.0
95.0
36.0
75.0
84.0
31.0
31.0
95.0
78.0
77.0
64.0
66.0
96.0
63.0
92.0
30.0
76.0
62.0
81.0
29.0
59.0
66.0
33.0
47.0
96.0
100.0
52.0
41.0
93.0
72.0
75.0
47.0
43.0
46.0
64.0
46.0
34.0
44.0
97.0
35.0
23.0
94.0
29.0
64.0
41.0
48.0
77.0
71.0
60.0
69.0
81.0
44.0
98.0
57.0
37.0
29.0
54.0
97.0
48.0
65.0
48.0
53.0
67.0
83.0
86.0
98.0
64.0
35.0
58.0
79.0
42.0
82.0
21.0
49.0
74.0
22.0
38.0
25.0
60.0
65.0
34.0
91.0
38.0
43.0
48.0
35.0
90.0
76.0
79.0
51.0
85.0
66.0
36.0
82.0
56.0
41.0
64.0
63.0
26.0
54.0
69.0
49.0
21.0
39.0
91.0
27.0
50.0
36.0
70.0
42.0
42.0
32.0
37.0
46.0
93.0
52.0
68.0
77.0
31.0
67.0
99.0
91.0
64.0
89.0
59.0
57.0
75.0
46.0
80.0
39.0
44.0
53.0
64.0
86.0
55.0
67.0
28.0
41.0
71.0
70.0
84.0
21.0
100.0
41.0
97.0
87.0
49.0
26.0
41.0
71.0
31.0
84.0
79.0
98.0
61.0
50.0
89.0
59.0
39.0
66.0
87.0
68.0
30.0
82.0
92.0
76.0
38.0
88.0
75.0
38.0
60.0
22.0
24.0
73.0
25.0
37.0
58.0
23.0
38.0
71.0
60.0
81.0
80.0
51.0
33.0
99.0
54.0
76.0
21.0
61.0
23.0
70.0
70.0
99.0
24.0
55.0
43.0
91.0
70.0
65.0
78.0
96.0
48.0
56.0
61.0
69.0
48.0
53.0
50.0
33.0
97.0
28.0
52.0
96.0
51.0
95.0
62.0
42.0
34.0
84.0
74.0
79.0
56.0
28.0
83.0
45.0
52.0
60.0
97.0
91.0
43.0
84.0
47.0
61.0
28.0
34.0
71.0
96.0
74.0
38.0
90.0
72.0
30.0
78.0
49.0
81.0
58.0
53.0
