u1000_08
150.0 1000 399
62.0
99.0
64.0
96.0
92.0
87.0
83.0
86.0
39.0
83.0
60.0
31.0
71.0
92.0
24.0
49.0
59.0
93.0
50.0
83.0
55.0
56.0
43.0
61.0
99.0
87.0
73.0
80.0
83.0
96.0
99.0
82.0
79.0
73.0
20.0
60.0
77.0
93.0
74.0
72.0
80.0
73.0
38.0
30.0
52.0
75.0
50.0
82.0
83.0
96.0
46.0
38.0
55.0
42.0
64.0
66.0
98.0
21.0
80.0
60.0
78.0
25.0
76.0
44.0
79.0
72.0
25.0
86.0
93.0
100.0
27.0
33.0
75.0
28.0
43.0
29.0
65.0
94.0
74.0
69.0
22.0
66.0
67.0
44.0
37.0
38.0
30.0
67.0
27.0
20.0
48.0
39.0
58.0
93.0
59.0
37.0
95.0
45.0
63.0
37.0
41.0
90.0
63.0
25.0
99.0
32.0
90.0
69.0
50.0
65.0
84.0
60.0
25.0
80.0
65.0
31.0
45.0
90.0
26.0
55.0
100.0
97.0
98.0
36.0
44.0
21.0
86.0
46.0
68.0
75.0
97.0
35.0
38.0
92.0
99.0
64.0
48.0
89.0
82.0
96.0
72.0
75.0
62.0
76.0
64.0
44.0
90.0
36.0
23.0
52.0
81.0
77.0
66.0
27.0
54.0
45.0
75.0
100.0
38.0
36.0
45.0
63.0
66.0
63.0
43.0
23.0
46.0
59.0
60.0
58.0
77.0
72.0
51.0
22.0
59.0
48.0
59.0
58.0
91.0
72.0
26.0
74.0
70.0
90.0
71.0
52.0
63.0
36.0
61.0
38.0
69.0
28.0
62.0
64.0
77.0
50.0
96.0
23.0
56.0
64.0
81.0
40.0
88.0
60.0
22.0
65.0
98.0
36.0
37.0
58.0
64.0
57.0
42.0
73.0
21.0
96.0
37.0
88.0
63.0
90.0
95.0
73.0
95.0
77.0
49.0
81.0
28.0
99.0
49.0
77.0
36.0
26.0
93.0
84.0
41.0
74.0
41.0
35.0
20.0
60.0
91.0
79.0
28.0
86.0
70.0
57.0
78.0
23.0
40.0
32.0
75.0
24.0
64.0
48.0
23.0
87.0
56.0
74.0
62.0
21.0
81.0
52.0
46.0
89.0
67.0
28.0
29.0
99.0
36.0
29.0
38.0
93.0
93.0
36.0
65.0
81.0
65.0
48.0
22.0
31.0
23.0
30.0
69.0
75.0
21.0
62.0
75.0
77.0
33.0
79.0
65.0
84.0
54.0
82.0
66.0
81.0
70.0
70.0
87.0
25.0
26.0
76.0
72.0
45.0
36.0
38.0
60.0
61.0
76.0
41.0
25.0
93.0
29.0
81.0
21.0
24.0
77.0
69.0
32.0
26.0
85.0
25.0
90.0
20.0
36.0
20.0
71.0
66.0
87.0
68.0
54.0
43.0
82.0
46.0
81.0
52.0
83.0
98.0
77.0
24.0
34.0
78.0
65.0
51.0
49.0
31.0
89.0
35.0
93.0
29.0
31.0
42.0
86.0
90.0
96.0
64.0
69.0
59.0
74.0
31.0
78.0
77.0
87.0
87.0
72.0
29.0
100.0
62.0
78.0
22.0
48.0
79.0
43.0
92.0
30.0
78.0
22.0
64.0
83.0
52.0
29.0
74.0
49.0
61.0
27.0
35.0
56.0
61.0
70.0
78.0
34.0
52.0
39.0
22.0
95.0
25.0
81.0
85.0
77.0
94.0
79.0
90.0
66.0
60.0
83.0
30.0
87.0
20.0
38.0
86.0
35.0
35.0
88.0
69.0
50.0
38.0
52.0
95.0
73.0
50.0
50.0
48.0
43.0
74.0
68.0
23.0
20.0
37.0
25.0
78.0
46.0
61.0
96.0
50.0
89.0
43.0
26.0
52.0
70.0
93.0
40.0
24.0
67.0
88.0
74.0
44.0
83.0
33.0
77.0
94.0
77.0
89.0
20.0
75.0
100.0
49.0
86.0
66.0
20.0
79.0
81.0
54.0
69.0
69.0
88.0
87.0
88.0
69.0
34.0
84.0
67.0
24.0
94.0
50.0
41.0
20.0
48.0
94.0
29.0
40.0
51.0
91.0
41.0
50.0
47.0
68.0
74.0
55.0
84.0
51.0
53.0
46.0
24.0
62.0
44.0
62.0
76.0
46.0
94.0
44.0
67.0
25.0
24.0
33.0
75.0
71.0
38.0
24.0
62.0
71.0
88.0
83.0
34.0
49.0
91.0
34.0
33.0
38.0
85.0
83.0
39.0
68.0
33.0
99.0
41.0
47.0
24.0
32.0
25.0
98.0
66.0
99.0
96.0
28.0
98.0
91.0
60.0
74.0
64.0
63.0
31.0
43.0
94.0
32.0
23.0
95.0
28.0
40.0
52.0
77.0
38.0
48.0
79.0
40.0
42.0
54.0
39.0
42.0
30.0
54.0
95.0
31.0
71.0
23.0
58.0
94.0
70.0
56.0
61.0
41.0
37.0
45.0
21.0
54.0
74.0
44.0
92.0
90.0
92.0
89.0
26.0
94.0
79.0
31.0
67.0
36.0
91.0
73.0
98.0
52.0
67.0
75.0
61.0
37.0
64.0
29.0
56.0
34.0
87.0
26.0
42.0
100.0
40.0
29.0
78.0
70.0
59.0
27.0
43.0
59.0
82.0
63.0
76.0
52.0
28.0
66.0
56.0
83.0
62.0
98.0
55.0
98.0
57.0
49.0
95.0
89.0
57.0
69.0
79.0
77.0
44.0
22.0
70.0
87.0
91.0
43.0
42.0
40.0
67.0
59.0
49.0
99.0
60.0
22.0
20.0
35.0
23.0
36.0
98.0
82.0
82.0
57.0
85.0
83.0
85.0
56.0
66.0
37.0
41.0
33.0
82.0
21.0
42.0
99.0
78.0
72.0
36.0
20.0
91.0
34.0
44.0
90.0
88.0
89.0
64.0
96.0
78.0
30.0
78.0
57.0
51.0
30.0
96.0
90.0
35.0
49.0
69.0
49.0
77.0
80.0
24.0
44.0
67.0
28.0
48.0
80.0
35.0
46.0
44.0
40.0
76.0
99.0
86.0
84.0
93.0
25.0
71.0
25.0
66.0
27.0
80.0
57.0
96.0
51.0
28.0
82.0
94.0
48.0
40.0
65.0
54.0
92.0
23.0
72.0
81.0
37.0
71.0
72.0
40.0
95.0
31.0
39.0
25.0
90.0
77.0
73.0
25.0
57.0
67.0
21.0
23.0
70.0
39.0
35.0
68.0
91.0
21.0
21.0
46.0
57.0
67.0
60.0
24.0
89.0
82.0
72.0
20.0
44.0
37.0
91.0
29.0
27.0
84.0
91.0
87.0
34.0
31.0
20.0
73.0
36.0
99.0
29.0
21.0
57.0
74.0
38.0
78.0
98.0
69.0
43.0
84.0
77.0
61.0
79.0
91.0
49.0
89.0
32.0
23.0
83.0
21.0
90.0
85.0
77.0
100.0
94.0
23.0
52.0
71.0
84.0
85.0
98.0
31.0
20.0
69.0
92.0
25.0
74.0
97.0
34.0
61.0
47.0
87.0
28.0
82.0
85.0
97.0
93.0
40.0
23.0
37.0
46.0
70.0
94.0
30.0
74.0
47.0
57.0
33.0
32.0
82.0
67.0
53.0
80.0
64.0
21.0
48.0
57.0
43.0
64.0
88.0
25.0
27.0
90.0
67.0
87.0
67.0
28.0
71.0
21.0
20.0
72.0
93.0
44.0
86.0
85.0
39.0
78.0
54.0
71.0
48.0
74.0
54.0
93.0
52.0
53.0
51.0
48.0
62.0
36.0
48.0
98.0
26.0
70.0
50.0
42.0
32.0
36.0
36.0
85.0
35.0
59.0
53.0
60.0
70.0
66.0
64.0
60.0
29.0
52.0
41.0
28.0
39.0
96.0
22.0
44.0
43.0
83.0
64.0
55.0
50.0
52.0
99.0
71.0
54.0
31.0
34.0
80.0
82.0
82.0
77.0
54.0
67.0
66.0
58.0
49.0
57.0
37.0
27.0
83.0
68.0
86.0
92.0
65.0
31.0
96.0
100.0
45.0
68.0
58.0
29.0
53.0
80.0
57.0
61.0
27.0
87.0
86.0
51.0
73.0
37.0
67.0
77.0
25.0
38.0
88.0
93.0
86.0
23.0
98.0
77.0
27.0
40.0
85.0
71.0
73.0
57.0
96.0
25.0
25.0
62.0
30.0
94.0
39.0
68.0
53.0
36.0
62.0
66.0
44.0
38.0
81.0
59.0
96.0
83.0
82.0
46.0
48.0
67.0
79.0
25.0
32.0
74.0
45.0
70.0
81.0
24.0
73.0
22.0
74.0
69.0
36.0
43.0
73.0
52.0
69.0
95.0
96.0
40.0
67.0
