u1000_17
150.0 1000 404
22.0
33.0
99.0
89.0
48.0
51.0
22.0
89.0
45.0
73.0
43.0
27.0
100.0
67.0
49.0
44.0
64.0
53.0
98.0
53.0
53.0
31.0
76.0
62.0
61.0
92.0
77.0
50.0
66.0
70.0
96.0
77.0
100.0
62.0
51.0
26.0
65.0
26.0
85.0
44.0
30.0
84.0
92.0
45.0
41.0
36.0
36.0
91.0
23.0
89.0
41.0
48.0
21.0
86.0
51.0
38.0
45.0
24.0
81.0
90.0
85.0
37.0
79.0
69.0
50.0
53.0
76.0
44.0
22.0
85.0
65.0
79.0
78.0
31.0
96.0
87.0
63.0
62.0
80.0
42.0
79.0
83.0
21.0
32.0
88.0
65.0
82.0
31.0
64.0
75.0
50.0
75.0
32.0
29.0
85.0
82.0
82.0
65.0
82.0
32.0
25.0
60.0
94.0
74.0
75.0
98.0
86.0
23.0
94.0
63.0
49.0
53.0
59.0
81.0
79.0
24.0
74.0
55.0
36.0
84.0
71.0
67.0
28.0
60.0
66.0
79.0
60.0
90.0
74.0
40.0
54.0
23.0
52.0
87.0
22.0
35.0
91.0
85.0
82.0
90.0
95.0
59.0
82.0
74.0
53.0
33.0
86.0
35.0
86.0
25.0
22.0
83.0
48.0
36.0
41.0
81.0
49.0
65.0
69.0
60.0
54.0
63.0
98.0
40.0
100.0
21.0
51.0
93.0
55.0
81.0
76.0
78.0
95.0
43.0
76.0
56.0
22.0
87.0
44.0
48.0
36.0
48.0
59.0
33.0
47.0
26.0
91.0
32.0
70.0
85.0
40.0
92.0
69.0
52.0
35.0
71.0
41.0
21.0
64.0
52.0
20.0
71.0
77.0
79.0
32.0
88.0
47.0
32.0
26.0
98.0
86.0
29.0
93.0
75.0
45.0
28.0
62.0
61.0
32.0
36.0
56.0
84.0
27.0
37.0
77.0
42.0
70.0
22.0
84.0
84.0
92.0
85.0
44.0
86.0
67.0
32.0
99.0
92.0
90.0
39.0
76.0
26.0
85.0
51.0
94.0
81.0
37.0
74.0
75.0
39.0
99.0
70.0
55.0
97.0
44.0
31.0
99.0
93.0
30.0
91.0
33.0
29.0
90.0
86.0
29.0
98.0
51.0
79.0
91.0
70.0
85.0
33.0
88.0
73.0
55.0
81.0
59.0
41.0
83.0
30.0
94.0
94.0
98.0
96.0
52.0
55.0
93.0
89.0
26.0
98.0
72.0
95.0
71.0
75.0
48.0
61.0
91.0
27.0
84.0
80.0
52.0
61.0
35.0
96.0
40.0
28.0
64.0
31.0
86.0
27.0
31.0
22.0
68.0
64.0
93.0
92.0
69.0
51.0
50.0
31.0
95.0
99.0
86.0
39.0
57.0
66.0
28.0
64.0
99.0
37.0
35.0
54.0
69.0
67.0
62.0
58.0
30.0
29.0
27.0
38.0
82.0
88.0
44.0
25.0
67.0
65.0
50.0
21.0
65.0
84.0
75.0
79.0
86.0
56.0
66.0
68.0
55.0
89.0
56.0
75.0
25.0
37.0
43.0
73.0
37.0
67.0
39.0
47.0
87.0
87.0
47.0
52.0
32.0
70.0
84.0
58.0
47.0
39.0
22.0
75.0
69.0
28.0
89.0
54.0
85.0
32.0
60.0
63.0
69.0
39.0
28.0
68.0
32.0
42.0
86.0
32.0
25.0
42.0
43.0
100.0
31.0
46.0
82.0
50.0
60.0
42.0
99.0
97.0
44.0
41.0
89.0
94.0
50.0
20.0
71.0
91.0
90.0
84.0
89.0
56.0
57.0
34.0
34.0
59.0
59.0
66.0
51.0
87.0
48.0
41.0
98.0
22.0
72.0
22.0
97.0
69.0
90.0
38.0
93.0
35.0
41.0
76.0
97.0
63.0
21.0
85.0
94.0
100.0
36.0
28.0
72.0
87.0
25.0
29.0
91.0
24.0
44.0
67.0
30.0
97.0
71.0
21.0
64.0
58.0
80.0
35.0
83.0
43.0
90.0
69.0
84.0
100.0
36.0
67.0
34.0
74.0
36.0
96.0
53.0
62.0
96.0
59.0
65.0
27.0
26.0
40.0
37.0
31.0
65.0
42.0
24.0
99.0
48.0
55.0
89.0
49.0
42.0
62.0
43.0
57.0
83.0
72.0
58.0
24.0
31.0
77.0
59.0
76.0
82.0
62.0
97.0
88.0
20.0
91.0
59.0
91.0
42.0
53.0
79.0
94.0
27.0
100.0
43.0
35.0
73.0
50.0
22.0
86.0
74.0
74.0
74.0
88.0
41.0
75.0
83.0
73.0
70.0
53.0
78.0
37.0
65.0
35.0
71.0
40.0
26.0
63.0
62.0
20.0
100.0
24.0
58.0
39.0
56.0
48.0
70.0
61.0
67.0
85.0
45.0
95.0
59.0
27.0
58.0
58.0
45.0
82.0
46.0
31.0
88.0
81.0
40.0
32.0
64.0
91.0
31.0
67.0
84.0
34.0
62.0
38.0
68.0
74.0
46.0
87.0
70.0
97.0
74.0
90.0
20.0
63.0
40.0
40.0
87.0
31.0
45.0
29.0
85.0
26.0
49.0
41.0
31.0
43.0
39.0
30.0
77.0
69.0
25.0
79.0
20.0
50.0
93.0
47.0
30.0
27.0
35.0
65.0
97.0
84.0
30.0
74.0
70.0
86.0
55.0
99.0
89.0
29.0
60.0
86.0
84.0
90.0
93.0
48.0
37.0
56.0
23.0
71.0
79.0
98.0
55.0
68.0
95.0
24.0
97.0
29.0
30.0
34.0
52.0
78.0
22.0
84.0
95.0
87.0
56.0
71.0
88.0
38.0
51.0
74.0
73.0
53.0
45.0
29.0
28.0
34.0
63.0
67.0
74.0
49.0
35.0
84.0
77.0
27.0
73.0
30.0
25.0
58.0
36.0
90.0
41.0
33.0
84.0
73.0
41.0
89.0
86.0
26.0
65.0
73.0
33.0
42.0
24.0
100.0
73.0
49.0
59.0
80.0
24.0
48.0
58.0
79.0
56.0
98.0
54.0
24.0
64.0
79.0
88.0
73.0
30.0
52.0
62.0
81.0
61.0
22.0
98.0
32.0
53.0
53.0
91.0
97.0
40.0
60.0
69.0
52.0
20.0
49.0
62.0
41.0
97.0
50.0
83.0
59.0
83.0
70.0
95.0
21.0
44.0
69.0
72.0
66.0
30.0
56.0
94.0
49.0
88.0
58.0
27.0
83.0
42.0
65.0
84.0
44.0
99.0
22.0
59.0
78.0
77.0
93.0
26.0
74.0
37.0
30.0
85.0
28.0
71.0
92.0
64.0
87.0
99.0
78.0
52.0
66.0
31.0
26.0
26.0
52.0
72.0
93.0
54.0
31.0
31.0
99.0
64.0
54.0
66.0
78.0
30.0
49.0
34.0
30.0
29.0
93.0
33.0
21.0
97.0
92.0
60.0
73.0
73.0
62.0
54.0
57.0
56.0
66.0
69.0
41.0
69.0
36.0
78.0
34.0
93.0
89.0
86.0
91.0
100.0
99.0
69.0
25.0
65.0
98.0
93.0
22.0
95.0
87.0
59.0
82.0
80.0
85.0
98.0
94.0
22.0
67.0
88.0
77.0
30.0
52.0
62.0
83.0
27.0
80.0
71.0
60.0
37.0
48.0
30.0
65.0
86.0
82.0
49.0
30.0
27.0
53.0
57.0
100.0
87.0
53.0
81.0
24.0
96.0
77.0
75.0
40.0
42.0
96.0
82.0
69.0
72.0
26.0
22.0
56.0
59.0
58.0
45.0
55.0
39.0
46.0
65.0
96.0
80.0
21.0
21.0
82.0
34.0
56.0
60.0
91.0
25.0
23.0
77.0
57.0
65.0
66.0
87.0
23.0
74.0
73.0
20.0
37.0
82.0
97.0
86.0
39.0
90.0
85.0
60.0
23.0
100.0
30.0
25.0
76.0
53.0
100.0
32.0
84.0
22.0
96.0
41.0
41.0
86.0
76.0
24.0
52.0
75.0
84.0
81.0
26.0
46.0
81.0
39.0
68.0
24.0
65.0
72.0
47.0
26.0
37.0
40.0
33.0
45.0
23.0
44.0
98.0
54.0
22.0
66.0
49.0
59.0
73.0
20.0
95.0
80.0
92.0
83.0
78.0
45.0
56.0
48.0
100.0
38.0
83.0
25.0
64.0
81.0
40.0
89.0
57.0
61.0
74.0
63.0
68.0
29.0
61.0
94.0
77.0
46.0
88.0
59.0
63.0
77.0
61.0
75.0
26.0
95.0
26.0
72.0
66.0
96.0
47.0
27.0
55.0
20.0
80.0
75.0
47.0
89.0
71.0
50.0
26.0
99.0
80.0
