u1000_16
150.0 1000 404
32.0
64.0
82.0
61.0
82.0
21.0
60.0
67.0
90.0
76.0
28.0
57.0
64.0
33.0
70.0
76.0
22.0
70.0
74.0
86.0
85.0
65.0
72.0
34.0
91.0
78.0
98.0
26.0
82.0
49.0
21.0
29.0
63.0
86.0
24.0
93.0
94.0
98.0
91.0
46.0
20.0
62.0
84.0
63.0
33.0
23.0
46.0
64.0
88.0
21.0
43.0
66.0
82.0
63.0
68.0
58.0
32.0
97.0
32.0
59.0
31.0
25.0
83.0
50.0
62.0
80.0
63.0
32.0
31.0
82.0
98.0
87.0
35.0
74.0
80.0
25.0
64.0
87.0
93.0
77.0
22.0
77.0
35.0
77.0
55.0
64.0
75.0
76.0
46.0
59.0
31.0
28.0
62.0
67.0
68.0
57.0
63.0
23.0
88.0
48.0
75.0
50.0
63.0
73.0
20.0
48.0
51.0
65.0
24.0
37.0
97.0
40.0
85.0
49.0
67.0
82.0
93.0
90.0
76.0
35.0
98.0
39.0
40.0
60.0
83.0
26.0
40.0
51.0
55.0
78.0
79.0
60.0
64.0
41.0
88.0
97.0
34.0
73.0
52.0
71.0
21.0
96.0
56.0
41.0
59.0
59.0
51.0
66.0
97.0
89.0
86.0
51.0
70.0
60.0
61.0
64.0
80.0
93.0
64.0
84.0
83.0
83.0
76.0
43.0
83.0
74.0
20.0
97.0
91.0
26.0
29.0
48.0
96.0
92.0
58.0
50.0
62.0
22.0
70.0
37.0
93.0
97.0
41.0
79.0
21.0
58.0
28.0
89.0
23.0
100.0
31.0
87.0
60.0
67.0
57.0
76.0
92.0
94.0
83.0
42.0
20.0
59.0
70.0
50.0
90.0
28.0
54.0
37.0
42.0
33.0
75.0
67.0
63.0
86.0
33.0
68.0
43.0
37.0
20.0
82.0
73.0
62.0
47.0
23.0
93.0
47.0
97.0
55.0
69.0
53.0
39.0
67.0
98.0
77.0
36.0
80.0
94.0
42.0
78.0
94.0
56.0
34.0
23.0
85.0
51.0
79.0
26.0
60.0
52.0
37.0
44.0
54.0
44.0
38.0
29.0
72.0
20.0
31.0
82.0
67.0
32.0
81.0
52.0
78.0
40.0
47.0
87.0
76.0
85.0
80.0
77.0
28.0
65.0
28.0
97.0
39.0
20.0
68.0
22.0
94.0
34.0
46.0
87.0
35.0
41.0
97.0
75.0
83.0
87.0
66.0
40.0
90.0
88.0
38.0
44.0
42.0
91.0
99.0
75.0
80.0
40.0
95.0
39.0
99.0
56.0
91.0
81.0
21.0
95.0
65.0
25.0
81.0
71.0
40.0
27.0
82.0
82.0
86.0
24.0
31.0
66.0
58.0
89.0
87.0
67.0
74.0
57.0
26.0
65.0
68.0
68.0
35.0
74.0
57.0
27.0
81.0
38.0
55.0
32.0
32.0
51.0
34.0
64.0
68.0
81.0
37.0
93.0
25.0
41.0
51.0
37.0
87.0
48.0
77.0
50.0
81.0
89.0
73.0
76.0
50.0
59.0
54.0
40.0
31.0
22.0
67.0
55.0
66.0
56.0
57.0
91.0
38.0
31.0
96.0
58.0
55.0
85.0
36.0
27.0
40.0
79.0
61.0
25.0
75.0
62.0
97.0
74.0
44.0
42.0
84.0
61.0
94.0
60.0
84.0
49.0
49.0
85.0
74.0
95.0
33.0
93.0
26.0
24.0
41.0
67.0
77.0
28.0
46.0
49.0
28.0
91.0
42.0
39.0
76.0
22.0
93.0
89.0
84.0
52.0
35.0
92.0
92.0
67.0
25.0
51.0
41.0
95.0
97.0
26.0
40.0
83.0
83.0
43.0
92.0
89.0
99.0
25.0
33.0
81.0
42.0
93.0
84.0
26.0
94.0
51.0
100.0
60.0
31.0
91.0
36.0
52.0
28.0
95.0
54.0
43.0
21.0
77.0
91.0
72.0
84.0
23.0
99.0
100.0
34.0
21.0
39.0
78.0
87.0
76.0
26.0
79.0
49.0
65.0
56.0
38.0
31.0
50.0
33.0
81.0
40.0
62.0
97.0
37.0
90.0
38.0
59.0
87.0
31.0
57.0
20.0
96.0
56.0
95.0
75.0
29.0
25.0
93.0
55.0
46.0
65.0
53.0
47.0
76.0
74.0
22.0
70.0
29.0
75.0
22.0
65.0
65.0
99.0
63.0
96.0
64.0
71.0
70.0
78.0
92.0
45.0
42.0
94.0
94.0
92.0
26.0
86.0
35.0
44.0
71.0
79.0
57.0
78.0
20.0
56.0
43.0
43.0
73.0
52.0
69.0
67.0
34.0
75.0
31.0
67.0
93.0
38.0
48.0
83.0
26.0
25.0
30.0
47.0
82.0
47.0
47.0
40.0
52.0
53.0
65.0
69.0
32.0
74.0
29.0
69.0
30.0
74.0
74.0
48.0
32.0
24.0
56.0
29.0
46.0
40.0
66.0
91.0
62.0
48.0
45.0
21.0
32.0
100.0
70.0
29.0
48.0
87.0
77.0
91.0
88.0
83.0
74.0
90.0
35.0
39.0
76.0
34.0
32.0
41.0
55.0
20.0
70.0
91.0
96.0
86.0
55.0
62.0
70.0
75.0
26.0
80.0
77.0
79.0
89.0
34.0
92.0
64.0
36.0
46.0
38.0
65.0
23.0
36.0
51.0
91.0
97.0
46.0
98.0
90.0
56.0
80.0
21.0
46.0
56.0
63.0
75.0
25.0
27.0
51.0
38.0
88.0
33.0
40.0
28.0
29.0
61.0
50.0
58.0
57.0
56.0
35.0
50.0
71.0
68.0
80.0
98.0
56.0
89.0
37.0
80.0
31.0
99.0
37.0
97.0
59.0
86.0
66.0
54.0
51.0
67.0
21.0
58.0
35.0
25.0
65.0
85.0
34.0
81.0
64.0
43.0
89.0
92.0
35.0
81.0
92.0
36.0
62.0
35.0
98.0
32.0
100.0
39.0
93.0
85.0
88.0
72.0
77.0
86.0
95.0
70.0
27.0
27.0
25.0
50.0
28.0
25.0
40.0
80.0
30.0
98.0
80.0
79.0
29.0
84.0
55.0
72.0
86.0
77.0
89.0
37.0
81.0
97.0
38.0
29.0
83.0
66.0
72.0
60.0
74.0
82.0
58.0
99.0
92.0
54.0
56.0
83.0
99.0
67.0
84.0
20.0
93.0
28.0
72.0
34.0
78.0
72.0
92.0
24.0
27.0
54.0
34.0
41.0
46.0
39.0
51.0
66.0
26.0
97.0
63.0
85.0
62.0
56.0
47.0
89.0
29.0
26.0
70.0
69.0
75.0
62.0
72.0
63.0
86.0
30.0
31.0
98.0
67.0
51.0
68.0
83.0
44.0
91.0
64.0
90.0
58.0
74.0
37.0
68.0
61.0
82.0
41.0
51.0
65.0
82.0
35.0
42.0
52.0
57.0
40.0
36.0
74.0
65.0
59.0
92.0
93.0
26.0
35.0
84.0
37.0
30.0
82.0
33.0
75.0
62.0
73.0
76.0
31.0
52.0
21.0
91.0
59.0
91.0
67.0
95.0
60.0
38.0
20.0
27.0
33.0
75.0
71.0
47.0
45.0
32.0
62.0
48.0
52.0
33.0
54.0
56.0
70.0
54.0
28.0
53.0
44.0
60.0
89.0
33.0
41.0
92.0
49.0
82.0
29.0
35.0
61.0
78.0
21.0
53.0
72.0
82.0
69.0
52.0
69.0
85.0
26.0
76.0
46.0
44.0
93.0
28.0
71.0
21.0
83.0
32.0
37.0
88.0
97.0
23.0
76.0
41.0
47.0
82.0
81.0
42.0
47.0
78.0
64.0
45.0
58.0
90.0
57.0
96.0
70.0
45.0
88.0
40.0
97.0
42.0
81.0
20.0
79.0
77.0
79.0
35.0
41.0
94.0
63.0
55.0
76.0
49.0
82.0
20.0
43.0
37.0
61.0
83.0
93.0
31.0
100.0
87.0
72.0
93.0
69.0
66.0
98.0
81.0
59.0
46.0
92.0
95.0
39.0
87.0
97.0
87.0
85.0
20.0
68.0
45.0
59.0
22.0
92.0
85.0
51.0
69.0
27.0
65.0
60.0
35.0
41.0
63.0
78.0
49.0
42.0
79.0
69.0
78.0
69.0
69.0
52.0
73.0
48.0
57.0
57.0
86.0
94.0
100.0
96.0
21.0
43.0
70.0
47.0
60.0
32.0
44.0
92.0
62.0
82.0
27.0
89.0
39.0
75.0
77.0
75.0
50.0
40.0
87.0
56.0
76.0
40.0
84.0
26.0
82.0
94.0
99.0
21.0
43.0
40.0
37.0
24.0
77.0
59.0
