u1000_02
150.0 1000 411
68.0
90.0
38.0
98.0
44.0
66.0
76.0
67.0
65.0
81.0
95.0
62.0
34.0
33.0
56.0
75.0
40.0
72.0
49.0
95.0
59.0
40.0
53.0
27.0
70.0
27.0
72.0
92.0
79.0
66.0
92.0
47.0
87.0
32.0
51.0
94.0
22.0
79.0
75.0
70.0
58.0
85.0
37.0
68.0
69.0
47.0
63.0
37.0
53.0
90.0
85.0
88.0
68.0
100.0
86.0
93.0
26.0
44.0
77.0
72.0
46.0
58.0
44.0
49.0
100.0
72.0
76.0
74.0
78.0
30.0
79.0
30.0
88.0
29.0
70.0
69.0
26.0
53.0
86.0
48.0
55.0
30.0
95.0
22.0
79.0
94.0
54.0
43.0
84.0
51.0
80.0
90.0
61.0
43.0
71.0
72.0
82.0
83.0
91.0
56.0
42.0
45.0
80.0
73.0
62.0
95.0
53.0
40.0
42.0
63.0
80.0
79.0
86.0
59.0
22.0
62.0
72.0
51.0
60.0
55.0
56.0
92.0
56.0
55.0
51.0
34.0
100.0
89.0
64.0
99.0
87.0
74.0
38.0
28.0
50.0
86.0
92.0
98.0
30.0
30.0
89.0
51.0
65.0
31.0
60.0
85.0
79.0
39.0
27.0
61.0
84.0
41.0
53.0
77.0
77.0
94.0
86.0
91.0
49.0
47.0
35.0
28.0
82.0
73.0
34.0
92.0
51.0
35.0
51.0
47.0
64.0
89.0
72.0
89.0
22.0
52.0
75.0
85.0
73.0
83.0
56.0
58.0
57.0
64.0
50.0
66.0
26.0
80.0
61.0
54.0
40.0
89.0
46.0
45.0
59.0
51.0
79.0
73.0
95.0
42.0
21.0
64.0
73.0
68.0
65.0
100.0
50.0
81.0
55.0
71.0
44.0
63.0
76.0
36.0
73.0
74.0
98.0
36.0
97.0
23.0
58.0
50.0
70.0
75.0
97.0
76.0
24.0
72.0
34.0
36.0
67.0
45.0
55.0
94.0
63.0
100.0
95.0
54.0
40.0
62.0
68.0
87.0
48.0
37.0
85.0
73.0
62.0
22.0
23.0
33.0
81.0
41.0
27.0
95.0
46.0
69.0
45.0
39.0
32.0
98.0
41.0
46.0
100.0
86.0
84.0
39.0
67.0
34.0
92.0
59.0
43.0
21.0
56.0
88.0
26.0
35.0
51.0
22.0
100.0
96.0
49.0
95.0
38.0
62.0
63.0
97.0
42.0
62.0
100.0
43.0
44.0
77.0
97.0
94.0
68.0
23.0
50.0
36.0
89.0
58.0
97.0
27.0
64.0
65.0
54.0
58.0
24.0
35.0
33.0
63.0
32.0
50.0
58.0
90.0
44.0
50.0
48.0
21.0
72.0
75.0
21.0
74.0
28.0
95.0
77.0
69.0
96.0
24.0
57.0
85.0
72.0
96.0
50.0
83.0
65.0
62.0
99.0
93.0
23.0
77.0
94.0
31.0
50.0
33.0
79.0
73.0
23.0
55.0
44.0
78.0
84.0
66.0
31.0
59.0
97.0
95.0
22.0
76.0
90.0
66.0
29.0
100.0
90.0
92.0
50.0
49.0
47.0
43.0
37.0
40.0
60.0
52.0
54.0
99.0
34.0
46.0
88.0
97.0
85.0
39.0
32.0
51.0
95.0
54.0
99.0
86.0
48.0
90.0
28.0
25.0
86.0
39.0
74.0
26.0
38.0
60.0
41.0
67.0
80.0
33.0
37.0
62.0
71.0
87.0
31.0
72.0
84.0
84.0
53.0
85.0
32.0
24.0
88.0
54.0
28.0
36.0
91.0
61.0
29.0
68.0
69.0
35.0
30.0
88.0
85.0
87.0
70.0
70.0
59.0
26.0
73.0
27.0
44.0
27.0
35.0
38.0
65.0
21.0
69.0
59.0
35.0
70.0
40.0
84.0
42.0
92.0
24.0
46.0
78.0
60.0
76.0
43.0
49.0
79.0
65.0
24.0
28.0
43.0
26.0
93.0
62.0
91.0
21.0
21.0
32.0
34.0
86.0
27.0
79.0
34.0
88.0
93.0
58.0
77.0
62.0
87.0
99.0
61.0
83.0
75.0
99.0
93.0
39.0
85.0
31.0
69.0
48.0
67.0
50.0
24.0
49.0
82.0
97.0
86.0
21.0
86.0
41.0
100.0
84.0
77.0
87.0
70.0
43.0
62.0
40.0
37.0
71.0
34.0
29.0
70.0
41.0
78.0
74.0
51.0
71.0
47.0
21.0
32.0
37.0
80.0
48.0
93.0
22.0
46.0
96.0
44.0
94.0
99.0
100.0
65.0
61.0
34.0
25.0
35.0
60.0
52.0
90.0
81.0
93.0
74.0
85.0
43.0
21.0
89.0
100.0
56.0
55.0
88.0
52.0
63.0
40.0
41.0
62.0
35.0
77.0
72.0
75.0
93.0
55.0
95.0
54.0
87.0
38.0
84.0
83.0
88.0
37.0
65.0
58.0
89.0
89.0
48.0
85.0
25.0
100.0
28.0
20.0
96.0
52.0
100.0
94.0
94.0
69.0
94.0
39.0
62.0
86.0
43.0
61.0
88.0
78.0
72.0
71.0
31.0
45.0
72.0
87.0
60.0
91.0
100.0
66.0
44.0
83.0
23.0
22.0
81.0
22.0
55.0
67.0
73.0
68.0
42.0
83.0
40.0
86.0
63.0
33.0
24.0
54.0
48.0
41.0
56.0
48.0
29.0
51.0
78.0
85.0
68.0
35.0
99.0
74.0
42.0
26.0
49.0
65.0
92.0
51.0
43.0
97.0
91.0
24.0
79.0
30.0
58.0
76.0
59.0
92.0
94.0
43.0
31.0
87.0
59.0
56.0
74.0
91.0
88.0
85.0
70.0
59.0
80.0
54.0
66.0
55.0
61.0
64.0
80.0
53.0
80.0
44.0
74.0
22.0
91.0
91.0
83.0
51.0
57.0
20.0
83.0
46.0
54.0
56.0
76.0
24.0
41.0
26.0
37.0
91.0
52.0
94.0
94.0
49.0
61.0
69.0
79.0
38.0
78.0
25.0
57.0
70.0
81.0
57.0
34.0
22.0
58.0
99.0
39.0
99.0
29.0
34.0
58.0
94.0
46.0
41.0
56.0
86.0
92.0
81.0
82.0
38.0
42.0
99.0
59.0
73.0
57.0
59.0
67.0
44.0
29.0
53.0
54.0
40.0
83.0
55.0
66.0
72.0
80.0
25.0
92.0
78.0
97.0
28.0
99.0
73.0
66.0
44.0
59.0
95.0
53.0
81.0
83.0
92.0
61.0
32.0
31.0
38.0
29.0
44.0
90.0
68.0
35.0
78.0
56.0
25.0
26.0
61.0
90.0
20.0
43.0
37.0
65.0
63.0
39.0
95.0
87.0
83.0
97.0
41.0
87.0
69.0
75.0
82.0
45.0
80.0
78.0
89.0
98.0
32.0
24.0
55.0
63.0
92.0
33.0
95.0
80.0
27.0
62.0
97.0
36.0
73.0
67.0
35.0
82.0
37.0
61.0
82.0
45.0
26.0
56.0
91.0
53.0
71.0
78.0
33.0
20.0
26.0
97.0
90.0
30.0
44.0
86.0
82.0
25.0
56.0
34.0
54.0
97.0
91.0
42.0
74.0
83.0
38.0
44.0
44.0
26.0
66.0
35.0
45.0
80.0
42.0
97.0
26.0
61.0
59.0
92.0
92.0
81.0
33.0
86.0
87.0
100.0
69.0
25.0
51.0
32.0
94.0
50.0
42.0
21.0
90.0
52.0
32.0
66.0
77.0
22.0
64.0
51.0
41.0
81.0
54.0
70.0
67.0
84.0
72.0
47.0
92.0
82.0
96.0
58.0
80.0
95.0
36.0
60.0
42.0
41.0
51.0
29.0
99.0
57.0
21.0
48.0
30.0
65.0
55.0
62.0
60.0
49.0
80.0
63.0
25.0
35.0
54.0
27.0
68.0
64.0
35.0
52.0
87.0
40.0
52.0
41.0
59.0
56.0
77.0
41.0
43.0
73.0
87.0
56.0
76.0
29.0
46.0
39.0
92.0
40.0
72.0
54.0
20.0
56.0
68.0
27.0
23.0
62.0
45.0
95.0
90.0
27.0
36.0
79.0
88.0
51.0
95.0
96.0
66.0
57.0
96.0
25.0
33.0
84.0
67.0
75.0
78.0
61.0
53.0
42.0
72.0
40.0
60.0
99.0
32.0
99.0
70.0
39.0
90.0
73.0
71.0
23.0
61.0
49.0
100.0
35.0
45.0
34.0
84.0
49.0
100.0
75.0
46.0
85.0
83.0
93.0
90.0
68.0
20.0
100.0
73.0
25.0
66.0
70.0
40.0
83.0
37.0
29.0
29.0
87.0
95.0
42.0
95.0
100.0
96.0
55.0
