u1000_10
150.0 1000 400
61.0
96.0
53.0
65.0
75.0
72.0
75.0
88.0
55.0
63.0
85.0
55.0
51.0
81.0
30.0
48.0
62.0
99.0
26.0
89.0
89.0
81.0
62.0
76.0
50.0
20.0
60.0
99.0
28.0
72.0
59.0
77.0
96.0
50.0
28.0
72.0
31.0
76.0
35.0
34.0
45.0
24.0
47.0
46.0
65.0
88.0
93.0
73.0
86.0
40.0
50.0
43.0
46.0
85.0
64.0
54.0
46.0
33.0
31.0
87.0
85.0
88.0
88.0
95.0
81.0
47.0
60.0
53.0
33.0
59.0
40.0
74.0
57.0
99.0
90.0
60.0
31.0
70.0
21.0
24.0
97.0
87.0
86.0
62.0
29.0
70.0
48.0
83.0
97.0
78.0
29.0
33.0
33.0
40.0
95.0
41.0
74.0
59.0
76.0
92.0
30.0
87.0
55.0
36.0
87.0
41.0
22.0
27.0
77.0
42.0
35.0
66.0
62.0
90.0
64.0
24.0
100.0
41.0
97.0
97.0
88.0
48.0
42.0
81.0
48.0
73.0
63.0
56.0
70.0
57.0
90.0
63.0
66.0
74.0
43.0
84.0
42.0
40.0
29.0
58.0
31.0
36.0
90.0
55.0
51.0
92.0
93.0
72.0
49.0
64.0
89.0
70.0
57.0
64.0
55.0
29.0
77.0
66.0
62.0
25.0
59.0
73.0
55.0
21.0
74.0
59.0
38.0
55.0
84.0
38.0
33.0
47.0
72.0
98.0
79.0
47.0
45.0
40.0
92.0
48.0
60.0
83.0
29.0
27.0
64.0
49.0
48.0
29.0
22.0
63.0
71.0
94.0
94.0
97.0
21.0
77.0
65.0
65.0
41.0
26.0
51.0
87.0
93.0
70.0
74.0
82.0
74.0
96.0
95.0
45.0
37.0
60.0
99.0
63.0
65.0
69.0
40.0
61.0
76.0
80.0
42.0
47.0
26.0
27.0
55.0
26.0
55.0
89.0
20.0
37.0
82.0
41.0
86.0
65.0
86.0
57.0
36.0
87.0
38.0
53.0
68.0
81.0
42.0
30.0
44.0
97.0
29.0
93.0
56.0
46.0
79.0
46.0
58.0
48.0
23.0
52.0
46.0
80.0
78.0
86.0
52.0
51.0
68.0
23.0
70.0
88.0
58.0
48.0
81.0
36.0
76.0
26.0
66.0
72.0
79.0
68.0
34.0
45.0
67.0
47.0
94.0
46.0
94.0
60.0
76.0
28.0
35.0
20.0
86.0
92.0
31.0
52.0
72.0
38.0
21.0
99.0
86.0
60.0
44.0
58.0
59.0
51.0
98.0
29.0
92.0
96.0
54.0
97.0
79.0
70.0
39.0
74.0
81.0
68.0
22.0
24.0
31.0
40.0
63.0
73.0
81.0
96.0
23.0
27.0
42.0
60.0
89.0
29.0
23.0
39.0
40.0
51.0
67.0
76.0
53.0
44.0
60.0
61.0
92.0
29.0
85.0
92.0
43.0
78.0
47.0
22.0
90.0
72.0
23.0
26.0
69.0
77.0
64.0
83.0
72.0
23.0
85.0
71.0
40.0
59.0
59.0
75.0
32.0
88.0
91.0
21.0
36.0
51.0
23.0
32.0
88.0
38.0
39.0
52.0
61.0
93.0
58.0
49.0
26.0
33.0
79.0
30.0
56.0
87.0
86.0
22.0
79.0
52.0
95.0
68.0
92.0
41.0
97.0
81.0
94.0
83.0
36.0
82.0
69.0
31.0
33.0
96.0
38.0
30.0
64.0
100.0
55.0
96.0
30.0
83.0
97.0
42.0
67.0
47.0
98.0
89.0
22.0
43.0
90.0
47.0
95.0
35.0
56.0
20.0
36.0
49.0
77.0
24.0
61.0
37.0
40.0
97.0
73.0
58.0
79.0
25.0
33.0
31.0
35.0
49.0
84.0
94.0
60.0
91.0
71.0
66.0
25.0
70.0
53.0
27.0
83.0
99.0
65.0
30.0
51.0
93.0
87.0
40.0
50.0
77.0
89.0
69.0
82.0
64.0
82.0
31.0
71.0
92.0
82.0
62.0
50.0
92.0
32.0
32.0
97.0
73.0
54.0
28.0
67.0
54.0
72.0
79.0
57.0
27.0
39.0
95.0
83.0
63.0
37.0
69.0
20.0
60.0
42.0
51.0
82.0
83.0
62.0
42.0
60.0
46.0
23.0
55.0
89.0
63.0
80.0
55.0
79.0
26.0
65.0
64.0
83.0
69.0
74.0
64.0
61.0
41.0
54.0
39.0
27.0
65.0
64.0
58.0
45.0
66.0
62.0
27.0
76.0
63.0
44.0
63.0
27.0
90.0
77.0
44.0
38.0
74.0
58.0
52.0
92.0
85.0
86.0
95.0
58.0
26.0
39.0
71.0
45.0
91.0
33.0
38.0
39.0
36.0
92.0
83.0
45.0
85.0
83.0
20.0
65.0
76.0
80.0
27.0
90.0
75.0
31.0
33.0
47.0
79.0
23.0
80.0
84.0
53.0
98.0
29.0
46.0
73.0
61.0
21.0
52.0
58.0
72.0
86.0
30.0
28.0
67.0
87.0
33.0
79.0
94.0
97.0
89.0
25.0
52.0
90.0
22.0
88.0
81.0
40.0
62.0
76.0
98.0
96.0
56.0
25.0
52.0
63.0
21.0
78.0
87.0
76.0
64.0
99.0
20.0
21.0
27.0
100.0
51.0
88.0
82.0
81.0
94.0
59.0
50.0
27.0
30.0
86.0
48.0
62.0
99.0
56.0
26.0
20.0
71.0
59.0
29.0
82.0
65.0
77.0
28.0
35.0
100.0
100.0
40.0
22.0
68.0
22.0
48.0
69.0
84.0
99.0
69.0
62.0
71.0
34.0
61.0
74.0
25.0
30.0
100.0
41.0
58.0
34.0
45.0
70.0
84.0
26.0
74.0
92.0
55.0
53.0
40.0
20.0
72.0
63.0
33.0
59.0
36.0
32.0
82.0
30.0
33.0
33.0
26.0
20.0
78.0
90.0
20.0
41.0
40.0
20.0
31.0
55.0
49.0
25.0
95.0
65.0
47.0
23.0
46.0
50.0
78.0
56.0
89.0
69.0
27.0
21.0
28.0
26.0
85.0
89.0
54.0
89.0
75.0
89.0
27.0
43.0
50.0
96.0
72.0
40.0
60.0
97.0
45.0
58.0
49.0
56.0
65.0
84.0
78.0
47.0
44.0
29.0
21.0
87.0
100.0
93.0
76.0
51.0
32.0
39.0
55.0
35.0
100.0
25.0
88.0
42.0
89.0
86.0
37.0
99.0
72.0
33.0
55.0
21.0
72.0
84.0
43.0
76.0
92.0
55.0
27.0
59.0
76.0
69.0
70.0
76.0
62.0
55.0
55.0
23.0
35.0
68.0
74.0
93.0
67.0
100.0
63.0
74.0
81.0
92.0
67.0
74.0
66.0
53.0
31.0
53.0
25.0
95.0
63.0
92.0
98.0
96.0
95.0
89.0
82.0
40.0
54.0
48.0
87.0
27.0
42.0
82.0
26.0
38.0
75.0
47.0
43.0
21.0
54.0
23.0
90.0
54.0
53.0
91.0
28.0
63.0
87.0
50.0
31.0
80.0
26.0
74.0
84.0
53.0
70.0
37.0
96.0
27.0
41.0
75.0
80.0
55.0
93.0
78.0
21.0
85.0
42.0
25.0
22.0
49.0
97.0
87.0
23.0
69.0
29.0
28.0
84.0
23.0
34.0
70.0
31.0
47.0
52.0
52.0
89.0
89.0
41.0
38.0
50.0
24.0
79.0
77.0
25.0
20.0
91.0
59.0
96.0
88.0
76.0
40.0
88.0
91.0
61.0
95.0
80.0
65.0
77.0
53.0
67.0
52.0
73.0
64.0
23.0
74.0
36.0
65.0
29.0
98.0
51.0
90.0
92.0
44.0
85.0
71.0
58.0
80.0
29.0
97.0
94.0
30.0
93.0
67.0
26.0
58.0
76.0
63.0
33.0
97.0
91.0
30.0
99.0
74.0
25.0
26.0
63.0
82.0
31.0
85.0
57.0
42.0
84.0
31.0
26.0
32.0
37.0
51.0
83.0
81.0
83.0
22.0
81.0
72.0
94.0
31.0
71.0
54.0
22.0
86.0
35.0
47.0
79.0
69.0
53.0
98.0
24.0
100.0
64.0
32.0
20.0
84.0
36.0
52.0
33.0
84.0
33.0
44.0
34.0
48.0
100.0
25.0
97.0
91.0
51.0
77.0
81.0
49.0
43.0
36.0
85.0
78.0
59.0
62.0
73.0
58.0
80.0
80.0
64.0
20.0
73.0
60.0
71.0
58.0
73.0
64.0
97.0
29.0
34.0
40.0
61.0
73.0
81.0
83.0
59.0
37.0
24.0
92.0
67.0
23.0
50.0
28.0
