u1000_03
150.0 1000 411
65.0
58.0
79.0
76.0
84.0
63.0
91.0
81.0
30.0
57.0
71.0
67.0
33.0
27.0
99.0
36.0
48.0
66.0
68.0
66.0
40.0
87.0
99.0
59.0
42.0
50.0
51.0
87.0
98.0
64.0
32.0
41.0
56.0
85.0
87.0
95.0
46.0
75.0
37.0
54.0
58.0
82.0
57.0
26.0
94.0
31.0
71.0
95.0
27.0
29.0
38.0
37.0
55.0
94.0
70.0
90.0
29.0
98.0
27.0
95.0
98.0
95.0
98.0
51.0
47.0
71.0
27.0
61.0
49.0
66.0
93.0
89.0
34.0
60.0
33.0
97.0
74.0
95.0
44.0
96.0
88.0
89.0
84.0
52.0
50.0
53.0
90.0
94.0
98.0
46.0
62.0
68.0
45.0
77.0
49.0
82.0
51.0
95.0
33.0
94.0
98.0
75.0
47.0
42.0
64.0
34.0
51.0
68.0
27.0
42.0
87.0
65.0
44.0
62.0
84.0
75.0
70.0
44.0
84.0
54.0
92.0
58.0
50.0
61.0
95.0
59.0
22.0
24.0
56.0
59.0
45.0
54.0
43.0
70.0
97.0
97.0
29.0
42.0
55.0
67.0
91.0
26.0
61.0
65.0
28.0
26.0
54.0
96.0
49.0
46.0
100.0
68.0
58.0
43.0
36.0
78.0
40.0
22.0
41.0
82.0
46.0
58.0
29.0
97.0
62.0
69.0
57.0
67.0
85.0
32.0
93.0
43.0
47.0
99.0
20.0
81.0
70.0
91.0
23.0
80.0
43.0
81.0
22.0
76.0
95.0
29.0
60.0
50.0
99.0
38.0
79.0
20.0
67.0
63.0
89.0
85.0
97.0
100.0
33.0
100.0
43.0
31.0
57.0
45.0
48.0
72.0
26.0
66.0
30.0
81.0
43.0
62.0
86.0
64.0
89.0
22.0
100.0
73.0
38.0
63.0
32.0
31.0
33.0
88.0
72.0
74.0
100.0
57.0
97.0
49.0
80.0
98.0
71.0
82.0
28.0
67.0
88.0
57.0
44.0
78.0
74.0
47.0
57.0
96.0
47.0
82.0
55.0
90.0
63.0
55.0
87.0
100.0
69.0
94.0
71.0
91.0
74.0
76.0
68.0
82.0
96.0
85.0
96.0
85.0
79.0
71.0
56.0
86.0
46.0
55.0
44.0
35.0
29.0
42.0
65.0
49.0
82.0
73.0
70.0
63.0
94.0
63.0
71.0
86.0
27.0
93.0
80.0
42.0
45.0
93.0
69.0
76.0
61.0
29.0
81.0
46.0
42.0
74.0
45.0
88.0
96.0
40.0
31.0
47.0
82.0
60.0
43.0
20.0
80.0
69.0
46.0
90.0
34.0
81.0
59.0
43.0
61.0
28.0
56.0
32.0
90.0
60.0
66.0
70.0
77.0
43.0
92.0
85.0
45.0
74.0
40.0
51.0
48.0
30.0
41.0
63.0
71.0
43.0
24.0
91.0
48.0
65.0
41.0
34.0
47.0
88.0
73.0
57.0
50.0
68.0
80.0
34.0
70.0
96.0
80.0
26.0
77.0
53.0
82.0
78.0
74.0
87.0
69.0
97.0
87.0
64.0
31.0
77.0
25.0
60.0
20.0
66.0
48.0
80.0
77.0
90.0
69.0
61.0
93.0
41.0
35.0
28.0
68.0
59.0
27.0
34.0
24.0
56.0
42.0
29.0
52.0
42.0
27.0
83.0
78.0
40.0
37.0
21.0
77.0
43.0
45.0
76.0
53.0
36.0
61.0
52.0
53.0
41.0
76.0
83.0
49.0
38.0
71.0
64.0
89.0
48.0
32.0
69.0
80.0
88.0
41.0
46.0
37.0
60.0
63.0
20.0
47.0
40.0
93.0
46.0
84.0
77.0
92.0
51.0
87.0
49.0
75.0
58.0
61.0
83.0
53.0
22.0
79.0
80.0
92.0
96.0
49.0
53.0
22.0
50.0
71.0
73.0
66.0
23.0
70.0
76.0
93.0
46.0
39.0
40.0
93.0
41.0
36.0
60.0
35.0
25.0
99.0
79.0
52.0
22.0
66.0
44.0
68.0
73.0
60.0
56.0
76.0
95.0
95.0
53.0
37.0
68.0
87.0
20.0
38.0
95.0
95.0
86.0
47.0
68.0
66.0
37.0
44.0
47.0
77.0
26.0
90.0
97.0
86.0
57.0
72.0
83.0
38.0
84.0
82.0
88.0
47.0
43.0
59.0
92.0
78.0
25.0
25.0
47.0
65.0
42.0
41.0
36.0
54.0
43.0
87.0
51.0
65.0
98.0
82.0
34.0
21.0
94.0
100.0
80.0
95.0
32.0
23.0
26.0
93.0
70.0
96.0
79.0
68.0
93.0
74.0
76.0
99.0
75.0
44.0
94.0
93.0
38.0
44.0
45.0
49.0
22.0
39.0
87.0
74.0
25.0
59.0
22.0
44.0
70.0
51.0
68.0
33.0
25.0
77.0
55.0
75.0
87.0
42.0
79.0
50.0
78.0
43.0
20.0
88.0
56.0
93.0
75.0
56.0
36.0
70.0
47.0
94.0
24.0
35.0
47.0
26.0
48.0
40.0
48.0
77.0
30.0
36.0
96.0
63.0
47.0
22.0
60.0
51.0
84.0
90.0
46.0
98.0
59.0
94.0
59.0
54.0
38.0
79.0
77.0
73.0
61.0
21.0
21.0
83.0
81.0
34.0
37.0
76.0
49.0
23.0
75.0
79.0
98.0
100.0
29.0
88.0
83.0
80.0
100.0
56.0
61.0
31.0
37.0
43.0
69.0
78.0
28.0
41.0
82.0
56.0
31.0
25.0
22.0
46.0
68.0
63.0
75.0
64.0
76.0
65.0
98.0
77.0
36.0
21.0
86.0
63.0
95.0
61.0
22.0
45.0
49.0
35.0
63.0
43.0
71.0
23.0
53.0
100.0
41.0
50.0
51.0
26.0
54.0
62.0
27.0
68.0
73.0
79.0
47.0
53.0
53.0
56.0
85.0
93.0
36.0
97.0
29.0
65.0
20.0
32.0
49.0
83.0
33.0
49.0
90.0
93.0
64.0
71.0
45.0
59.0
74.0
77.0
58.0
91.0
88.0
60.0
67.0
44.0
42.0
89.0
79.0
40.0
88.0
95.0
81.0
73.0
82.0
23.0
20.0
22.0
92.0
75.0
23.0
74.0
25.0
79.0
62.0
48.0
21.0
74.0
28.0
78.0
73.0
31.0
44.0
28.0
37.0
77.0
52.0
23.0
82.0
97.0
52.0
90.0
94.0
28.0
95.0
37.0
51.0
29.0
31.0
81.0
61.0
24.0
92.0
70.0
56.0
100.0
61.0
85.0
83.0
53.0
44.0
70.0
65.0
25.0
39.0
71.0
26.0
63.0
99.0
64.0
97.0
88.0
54.0
91.0
53.0
96.0
44.0
49.0
94.0
63.0
65.0
90.0
37.0
30.0
28.0
53.0
83.0
41.0
54.0
89.0
32.0
49.0
40.0
80.0
63.0
89.0
74.0
89.0
20.0
25.0
75.0
31.0
56.0
92.0
85.0
40.0
97.0
56.0
100.0
55.0
35.0
27.0
96.0
89.0
29.0
44.0
26.0
49.0
73.0
72.0
50.0
52.0
77.0
35.0
97.0
79.0
45.0
75.0
62.0
91.0
50.0
37.0
25.0
65.0
97.0
62.0
74.0
81.0
72.0
100.0
57.0
49.0
83.0
23.0
92.0
63.0
55.0
81.0
64.0
88.0
50.0
74.0
52.0
25.0
97.0
48.0
43.0
49.0
33.0
86.0
35.0
71.0
21.0
90.0
95.0
88.0
80.0
93.0
73.0
60.0
96.0
65.0
56.0
32.0
88.0
67.0
69.0
63.0
26.0
51.0
59.0
85.0
41.0
91.0
70.0
92.0
44.0
53.0
49.0
91.0
33.0
57.0
26.0
99.0
24.0
48.0
52.0
92.0
43.0
46.0
47.0
96.0
36.0
88.0
55.0
55.0
76.0
51.0
87.0
44.0
58.0
34.0
69.0
43.0
56.0
37.0
74.0
82.0
64.0
75.0
99.0
36.0
54.0
76.0
72.0
21.0
33.0
61.0
87.0
54.0
82.0
94.0
87.0
46.0
71.0
83.0
71.0
44.0
87.0
20.0
31.0
67.0
93.0
100.0
94.0
97.0
64.0
63.0
36.0
89.0
48.0
34.0
41.0
42.0
74.0
30.0
48.0
73.0
37.0
100.0
49.0
58.0
50.0
50.0
86.0
79.0
91.0
98.0
63.0
24.0
82.0
24.0
48.0
26.0
98.0
82.0
75.0
62.0
55.0
82.0
87.0
74.0
87.0
32.0
73.0
28.0
95.0
84.0
29.0
82.0
68.0
70.0
49.0
88.0
23.0
78.0
96.0
