u1000_04
150.0 1000 397
73.0
99.0
36.0
56.0
65.0
46.0
60.0
32.0
77.0
41.0
32.0
94.0
77.0
63.0
35.0
78.0
24.0
95.0
96.0
81.0
86.0
75.0
36.0
21.0
48.0
28.0
95.0
62.0
91.0
40.0
26.0
88.0
43.0
45.0
22.0
54.0
28.0
48.0
88.0
80.0
35.0
81.0
69.0
94.0
96.0
95.0
67.0
30.0
29.0
59.0
40.0
65.0
31.0
74.0
39.0
57.0
95.0
46.0
32.0
82.0
55.0
36.0
47.0
85.0
80.0
36.0
31.0
40.0
82.0
53.0
59.0
57.0
31.0
82.0
72.0
38.0
69.0
53.0
74.0
79.0
97.0
42.0
49.0
74.0
86.0
37.0
89.0
63.0
75.0
84.0
38.0
42.0
59.0
80.0
23.0
20.0
95.0
46.0
98.0
97.0
64.0
66.0
84.0
24.0
25.0
20.0
68.0
32.0
38.0
48.0
27.0
74.0
86.0
54.0
81.0
73.0
77.0
40.0
48.0
81.0
86.0
59.0
87.0
60.0
27.0
81.0
22.0
29.0
62.0
41.0
76.0
57.0
31.0
79.0
30.0
83.0
29.0
65.0
97.0
49.0
52.0
42.0
20.0
85.0
89.0
93.0
39.0
29.0
33.0
21.0
26.0
73.0
28.0
28.0
38.0
33.0
96.0
50.0
73.0
53.0
31.0
100.0
27.0
85.0
37.0
42.0
79.0
60.0
95.0
21.0
87.0
34.0
46.0
88.0
57.0
41.0
66.0
38.0
79.0
27.0
85.0
72.0
83.0
82.0
94.0
56.0
24.0
83.0
32.0
49.0
78.0
30.0
33.0
50.0
37.0
49.0
25.0
44.0
86.0
22.0
54.0
38.0
81.0
77.0
39.0
47.0
22.0
51.0
40.0
70.0
83.0
86.0
69.0
73.0
31.0
80.0
84.0
70.0
55.0
68.0
27.0
25.0
25.0
27.0
48.0
30.0
83.0
42.0
26.0
63.0
72.0
74.0
83.0
55.0
36.0
44.0
95.0
81.0
73.0
53.0
63.0
47.0
88.0
86.0
48.0
21.0
89.0
74.0
70.0
63.0
56.0
68.0
67.0
56.0
44.0
64.0
75.0
96.0
80.0
58.0
75.0
50.0
43.0
42.0
31.0
94.0
64.0
77.0
89.0
30.0
45.0
74.0
53.0
57.0
56.0
47.0
31.0
55.0
58.0
28.0
72.0
27.0
35.0
68.0
68.0
82.0
67.0
47.0
24.0
49.0
40.0
67.0
96.0
80.0
88.0
39.0
93.0
32.0
47.0
81.0
99.0
38.0
51.0
97.0
31.0
55.0
40.0
63.0
93.0
78.0
30.0
39.0
55.0
67.0
24.0
72.0
71.0
43.0
31.0
79.0
77.0
42.0
73.0
62.0
93.0
90.0
50.0
98.0
36.0
76.0
72.0
35.0
48.0
53.0
33.0
64.0
51.0
32.0
82.0
68.0
55.0
51.0
84.0
72.0
50.0
30.0
21.0
25.0
43.0
55.0
56.0
65.0
73.0
24.0
100.0
21.0
47.0
97.0
90.0
83.0
75.0
43.0
61.0
51.0
32.0
74.0
63.0
91.0
21.0
92.0
71.0
74.0
42.0
100.0
21.0
63.0
72.0
42.0
54.0
57.0
42.0
81.0
68.0
79.0
38.0
47.0
21.0
22.0
55.0
61.0
40.0
35.0
76.0
83.0
100.0
31.0
62.0
36.0
75.0
82.0
50.0
80.0
38.0
68.0
21.0
84.0
72.0
67.0
84.0
98.0
39.0
68.0
86.0
63.0
98.0
67.0
75.0
37.0
35.0
41.0
63.0
67.0
57.0
26.0
53.0
36.0
56.0
92.0
89.0
76.0
49.0
23.0
23.0
49.0
24.0
56.0
74.0
34.0
64.0
100.0
82.0
25.0
30.0
72.0
82.0
68.0
67.0
57.0
57.0
40.0
33.0
40.0
27.0
52.0
89.0
52.0
97.0
31.0
48.0
50.0
57.0
37.0
77.0
32.0
97.0
67.0
93.0
70.0
20.0
38.0
71.0
49.0
78.0
40.0
94.0
21.0
66.0
96.0
86.0
85.0
99.0
79.0
85.0
77.0
68.0
37.0
41.0
68.0
27.0
100.0
96.0
74.0
46.0
79.0
43.0
59.0
50.0
39.0
42.0
80.0
87.0
62.0
73.0
65.0
73.0
72.0
77.0
85.0
33.0
39.0
58.0
100.0
87.0
24.0
35.0
34.0
28.0
70.0
49.0
36.0
65.0
27.0
75.0
99.0
99.0
59.0
79.0
99.0
90.0
64.0
42.0
82.0
58.0
56.0
89.0
80.0
97.0
82.0
44.0
92.0
29.0
39.0
90.0
99.0
68.0
40.0
23.0
95.0
39.0
77.0
59.0
74.0
94.0
67.0
72.0
90.0
60.0
49.0
21.0
20.0
49.0
33.0
85.0
84.0
50.0
95.0
52.0
31.0
46.0
96.0
73.0
66.0
33.0
90.0
77.0
79.0
27.0
91.0
54.0
62.0
44.0
78.0
35.0
62.0
97.0
25.0
79.0
31.0
26.0
87.0
30.0
24.0
31.0
24.0
53.0
90.0
66.0
21.0
58.0
28.0
81.0
61.0
100.0
33.0
95.0
77.0
77.0
75.0
52.0
58.0
95.0
47.0
27.0
29.0
74.0
84.0
49.0
25.0
57.0
90.0
61.0
59.0
99.0
70.0
33.0
25.0
54.0
66.0
32.0
20.0
32.0
47.0
28.0
71.0
33.0
55.0
81.0
56.0
21.0
83.0
67.0
46.0
96.0
50.0
94.0
55.0
57.0
100.0
35.0
50.0
21.0
97.0
30.0
34.0
57.0
74.0
99.0
63.0
40.0
96.0
83.0
37.0
59.0
72.0
59.0
50.0
84.0
88.0
22.0
97.0
81.0
22.0
55.0
31.0
66.0
23.0
88.0
89.0
28.0
77.0
78.0
41.0
93.0
94.0
45.0
84.0
48.0
75.0
38.0
68.0
34.0
37.0
40.0
78.0
60.0
94.0
58.0
71.0
70.0
30.0
77.0
34.0
96.0
58.0
70.0
61.0
27.0
55.0
48.0
80.0
26.0
59.0
31.0
55.0
80.0
75.0
73.0
48.0
22.0
35.0
97.0
46.0
98.0
48.0
49.0
28.0
67.0
94.0
46.0
46.0
37.0
45.0
48.0
42.0
31.0
67.0
23.0
98.0
58.0
55.0
24.0
60.0
48.0
95.0
93.0
49.0
56.0
90.0
31.0
24.0
71.0
39.0
69.0
32.0
82.0
75.0
60.0
39.0
80.0
61.0
43.0
34.0
80.0
69.0
21.0
59.0
82.0
54.0
26.0
51.0
96.0
76.0
76.0
45.0
41.0
73.0
91.0
23.0
98.0
90.0
59.0
43.0
52.0
48.0
87.0
97.0
51.0
72.0
77.0
59.0
83.0
65.0
40.0
79.0
30.0
31.0
99.0
40.0
42.0
66.0
47.0
67.0
50.0
72.0
62.0
95.0
75.0
81.0
36.0
36.0
70.0
89.0
95.0
62.0
56.0
23.0
37.0
50.0
46.0
30.0
64.0
94.0
65.0
55.0
24.0
28.0
96.0
31.0
57.0
72.0
96.0
63.0
40.0
79.0
89.0
97.0
50.0
37.0
93.0
52.0
86.0
74.0
47.0
84.0
77.0
48.0
54.0
97.0
70.0
29.0
40.0
74.0
71.0
46.0
46.0
63.0
48.0
74.0
25.0
77.0
46.0
80.0
35.0
56.0
65.0
49.0
38.0
26.0
81.0
80.0
73.0
38.0
27.0
97.0
47.0
88.0
42.0
62.0
45.0
33.0
78.0
35.0
63.0
25.0
74.0
63.0
41.0
81.0
68.0
78.0
52.0
30.0
22.0
100.0
42.0
53.0
60.0
58.0
92.0
74.0
67.0
72.0
30.0
48.0
65.0
23.0
94.0
99.0
67.0
57.0
73.0
44.0
63.0
53.0
87.0
54.0
62.0
100.0
30.0
20.0
25.0
94.0
85.0
68.0
59.0
82.0
52.0
100.0
89.0
49.0
74.0
44.0
23.0
39.0
21.0
65.0
80.0
93.0
36.0
97.0
74.0
37.0
52.0
94.0
60.0
77.0
57.0
71.0
61.0
92.0
98.0
86.0
55.0
89.0
24.0
88.0
53.0
85.0
39.0
89.0
64.0
45.0
52.0
71.0
79.0
23.0
50.0
95.0
55.0
36.0
95.0
41.0
36.0
94.0
52.0
36.0
76.0
72.0
52.0
42.0
27.0
61.0
55.0
64.0
30.0
22.0
53.0
71.0
51.0
37.0
96.0
74.0
63.0
54.0
81.0
77.0
55.0
29.0
89.0
41.0
