u1000_19
150.0 1000 400
98.0
24.0
76.0
62.0
89.0
91.0
76.0
61.0
66.0
32.0
83.0
94.0
41.0
94.0
37.0
65.0
56.0
28.0
71.0
90.0
99.0
27.0
49.0
28.0
24.0
41.0
80.0
77.0
32.0
80.0
57.0
87.0
57.0
26.0
27.0
45.0
26.0
66.0
57.0
40.0
88.0
71.0
27.0
60.0
37.0
48.0
66.0
45.0
42.0
78.0
35.0
96.0
94.0
83.0
51.0
77.0
33.0
36.0
47.0
41.0
76.0
79.0
73.0
57.0
90.0
34.0
79.0
91.0
33.0
34.0
30.0
98.0
75.0
37.0
21.0
90.0
27.0
61.0
50.0
82.0
21.0
50.0
20.0
91.0
99.0
37.0
82.0
24.0
20.0
40.0
32.0
33.0
58.0
86.0
62.0
34.0
55.0
34.0
84.0
22.0
81.0
62.0
66.0
35.0
57.0
75.0
39.0
73.0
27.0
25.0
94.0
20.0
22.0
55.0
80.0
63.0
88.0
38.0
37.0
83.0
40.0
36.0
27.0
48.0
23.0
47.0
93.0
52.0
68.0
33.0
42.0
44.0
64.0
65.0
82.0
57.0
83.0
96.0
78.0
45.0
100.0
44.0
72.0
35.0
55.0
41.0
28.0
70.0
76.0
90.0
85.0
96.0
100.0
46.0
63.0
81.0
91.0
56.0
71.0
57.0
35.0
33.0
74.0
95.0
89.0
79.0
67.0
90.0
63.0
70.0
20.0
97.0
30.0
63.0
41.0
97.0
79.0
24.0
64.0
20.0
93.0
75.0
32.0
64.0
63.0
76.0
79.0
45.0
75.0
47.0
61.0
47.0
46.0
27.0
89.0
24.0
57.0
82.0
45.0
63.0
28.0
40.0
51.0
66.0
54.0
47.0
22.0
52.0
79.0
51.0
37.0
98.0
84.0
58.0
50.0
81.0
72.0
90.0
67.0
54.0
34.0
93.0
34.0
87.0
58.0
77.0
42.0
20.0
86.0
66.0
38.0
58.0
61.0
87.0
93.0
89.0
55.0
52.0
38.0
41.0
62.0
87.0
22.0
56.0
93.0
70.0
52.0
73.0
82.0
36.0
80.0
75.0
68.0
68.0
94.0
58.0
97.0
75.0
40.0
86.0
58.0
60.0
69.0
91.0
81.0
73.0
80.0
46.0
78.0
60.0
92.0
33.0
71.0
39.0
22.0
30.0
39.0
34.0
32.0
92.0
87.0
63.0
93.0
54.0
52.0
25.0
42.0
71.0
90.0
74.0
71.0
96.0
53.0
80.0
67.0
91.0
66.0
65.0
87.0
32.0
97.0
74.0
81.0
48.0
79.0
85.0
60.0
23.0
58.0
44.0
33.0
65.0
100.0
62.0
74.0
82.0
63.0
24.0
89.0
80.0
74.0
27.0
69.0
54.0
54.0
60.0
84.0
25.0
27.0
64.0
81.0
53.0
90.0
55.0
41.0
100.0
25.0
84.0
51.0
61.0
75.0
90.0
31.0
89.0
79.0
41.0
40.0
33.0
20.0
64.0
39.0
50.0
31.0
84.0
50.0
34.0
34.0
76.0
89.0
70.0
34.0
80.0
46.0
87.0
86.0
25.0
20.0
46.0
62.0
38.0
54.0
97.0
47.0
81.0
21.0
93.0
95.0
32.0
61.0
74.0
52.0
25.0
88.0
54.0
49.0
66.0
71.0
92.0
62.0
48.0
42.0
79.0
31.0
64.0
26.0
61.0
74.0
97.0
53.0
27.0
45.0
99.0
93.0
77.0
28.0
30.0
22.0
55.0
76.0
31.0
25.0
85.0
99.0
47.0
73.0
95.0
46.0
21.0
56.0
60.0
86.0
75.0
66.0
31.0
62.0
33.0
78.0
32.0
53.0
67.0
51.0
70.0
30.0
23.0
61.0
88.0
67.0
78.0
92.0
30.0
27.0
93.0
87.0
35.0
98.0
75.0
24.0
92.0
43.0
73.0
51.0
33.0
68.0
94.0
73.0
58.0
82.0
49.0
36.0
93.0
29.0
72.0
85.0
67.0
51.0
56.0
59.0
75.0
33.0
52.0
78.0
36.0
52.0
30.0
80.0
87.0
78.0
67.0
93.0
49.0
43.0
57.0
23.0
92.0
87.0
26.0
57.0
60.0
68.0
80.0
34.0
29.0
96.0
97.0
25.0
47.0
83.0
58.0
83.0
45.0
23.0
36.0
78.0
48.0
82.0
80.0
26.0
93.0
34.0
35.0
59.0
92.0
41.0
39.0
81.0
47.0
81.0
37.0
46.0
96.0
23.0
79.0
89.0
50.0
65.0
92.0
49.0
33.0
97.0
65.0
75.0
27.0
87.0
87.0
55.0
53.0
74.0
44.0
78.0
53.0
45.0
34.0
67.0
20.0
98.0
70.0
64.0
61.0
59.0
30.0
26.0
23.0
23.0
35.0
53.0
98.0
41.0
72.0
56.0
55.0
42.0
69.0
20.0
73.0
83.0
59.0
55.0
28.0
98.0
65.0
48.0
27.0
80.0
25.0
50.0
49.0
21.0
82.0
77.0
33.0
51.0
29.0
55.0
70.0
85.0
50.0
20.0
30.0
55.0
45.0
20.0
52.0
21.0
91.0
51.0
87.0
37.0
79.0
71.0
36.0
80.0
31.0
44.0
60.0
67.0
86.0
64.0
58.0
81.0
32.0
75.0
46.0
43.0
42.0
30.0
58.0
89.0
99.0
68.0
39.0
24.0
50.0
75.0
59.0
82.0
28.0
30.0
91.0
26.0
68.0
60.0
97.0
57.0
82.0
28.0
51.0
70.0
76.0
35.0
22.0
99.0
74.0
66.0
44.0
32.0
73.0
45.0
85.0
66.0
57.0
45.0
94.0
71.0
81.0
29.0
23.0
89.0
88.0
38.0
27.0
87.0
42.0
57.0
83.0
55.0
45.0
100.0
84.0
72.0
53.0
92.0
27.0
33.0
63.0
45.0
31.0
96.0
76.0
71.0
24.0
76.0
85.0
24.0
73.0
39.0
31.0
79.0
94.0
22.0
22.0
51.0
38.0
22.0
78.0
89.0
54.0
41.0
33.0
56.0
20.0
23.0
22.0
71.0
86.0
83.0
51.0
54.0
30.0
46.0
37.0
32.0
56.0
80.0
86.0
83.0
69.0
69.0
42.0
32.0
26.0
52.0
22.0
65.0
80.0
85.0
53.0
93.0
38.0
91.0
28.0
29.0
32.0
45.0
72.0
97.0
51.0
21.0
48.0
77.0
49.0
61.0
88.0
52.0
53.0
27.0
31.0
47.0
79.0
96.0
74.0
81.0
93.0
82.0
25.0
85.0
85.0
55.0
97.0
55.0
27.0
67.0
85.0
43.0
28.0
61.0
55.0
77.0
58.0
90.0
86.0
67.0
75.0
74.0
44.0
44.0
87.0
50.0
99.0
28.0
82.0
31.0
43.0
96.0
46.0
52.0
47.0
59.0
96.0
72.0
74.0
73.0
51.0
100.0
85.0
27.0
50.0
38.0
90.0
88.0
81.0
43.0
71.0
78.0
78.0
33.0
54.0
48.0
61.0
75.0
38.0
84.0
36.0
28.0
55.0
69.0
42.0
83.0
41.0
69.0
91.0
88.0
61.0
33.0
96.0
63.0
59.0
85.0
56.0
35.0
96.0
72.0
95.0
54.0
59.0
22.0
47.0
96.0
81.0
54.0
48.0
84.0
88.0
79.0
84.0
46.0
50.0
24.0
81.0
89.0
46.0
91.0
70.0
57.0
100.0
68.0
82.0
57.0
76.0
84.0
90.0
74.0
46.0
53.0
36.0
87.0
60.0
25.0
34.0
60.0
91.0
86.0
48.0
51.0
20.0
21.0
67.0
89.0
32.0
21.0
79.0
35.0
45.0
43.0
100.0
25.0
94.0
26.0
34.0
47.0
35.0
87.0
31.0
66.0
45.0
94.0
50.0
47.0
35.0
71.0
37.0
89.0
33.0
89.0
88.0
23.0
97.0
94.0
48.0
91.0
52.0
36.0
74.0
98.0
57.0
52.0
58.0
82.0
64.0
64.0
33.0
27.0
100.0
78.0
47.0
44.0
94.0
84.0
74.0
73.0
54.0
76.0
63.0
74.0
95.0
80.0
84.0
22.0
77.0
50.0
69.0
67.0
49.0
86.0
71.0
92.0
42.0
26.0
91.0
35.0
52.0
56.0
31.0
57.0
76.0
65.0
55.0
92.0
72.0
75.0
86.0
83.0
57.0
94.0
67.0
35.0
88.0
40.0
78.0
99.0
37.0
65.0
81.0
45.0
97.0
98.0
65.0
36.0
43.0
52.0
47.0
32.0
73.0
86.0
68.0
24.0
69.0
28.0
71.0
94.0
40.0
43.0
31.0
28.0
63.0
77.0
29.0
80.0
22.0
96.0
22.0
