u1000_15
150.0 1000 402
68.0
90.0
85.0
63.0
37.0
77.0
79.0
87.0
62.0
70.0
81.0
84.0
83.0
86.0
94.0
27.0
96.0
63.0
20.0
73.0
54.0
76.0
76.0
56.0
42.0
27.0
58.0
45.0
28.0
48.0
38.0
89.0
88.0
80.0
87.0
89.0
26.0
76.0
87.0
52.0
74.0
77.0
98.0
83.0
73.0
51.0
92.0
40.0
47.0
20.0
39.0
42.0
28.0
100.0
49.0
75.0
20.0
70.0
83.0
83.0
59.0
83.0
36.0
61.0
81.0
75.0
53.0
23.0
91.0
77.0
48.0
81.0
66.0
43.0
33.0
82.0
42.0
51.0
73.0
73.0
50.0
25.0
35.0
74.0
28.0
43.0
75.0
29.0
82.0
95.0
60.0
53.0
40.0
48.0
31.0
34.0
63.0
72.0
53.0
72.0
66.0
95.0
40.0
23.0
99.0
55.0
71.0
74.0
28.0
37.0
22.0
23.0
49.0
42.0
63.0
67.0
88.0
54.0
78.0
86.0
91.0
73.0
60.0
21.0
82.0
87.0
89.0
74.0
65.0
49.0
89.0
21.0
62.0
78.0
77.0
48.0
64.0
25.0
49.0
78.0
69.0
35.0
72.0
98.0
94.0
30.0
32.0
97.0
43.0
79.0
58.0
54.0
83.0
70.0
49.0
39.0
83.0
85.0
97.0
99.0
76.0
67.0
95.0
79.0
42.0
99.0
20.0
84.0
35.0
29.0
60.0
48.0
55.0
20.0
74.0
31.0
22.0
20.0
67.0
63.0
21.0
40.0
91.0
66.0
52.0
29.0
96.0
91.0
70.0
91.0
28.0
21.0
60.0
86.0
25.0
32.0
49.0
49.0
86.0
23.0
34.0
36.0
25.0
86.0
79.0
76.0
39.0
85.0
56.0
31.0
29.0
82.0
25.0
75.0
49.0
86.0
48.0
91.0
84.0
69.0
43.0
50.0
90.0
81.0
61.0
28.0
92.0
97.0
59.0
68.0
81.0
37.0
28.0
65.0
29.0
73.0
79.0
47.0
50.0
31.0
47.0
80.0
78.0
58.0
39.0
49.0
85.0
93.0
74.0
58.0
20.0
46.0
90.0
72.0
84.0
74.0
54.0
80.0
40.0
98.0
52.0
26.0
52.0
56.0
94.0
72.0
56.0
31.0
80.0
33.0
29.0
94.0
30.0
91.0
67.0
73.0
40.0
40.0
99.0
60.0
74.0
44.0
70.0
70.0
48.0
85.0
89.0
75.0
90.0
63.0
71.0
91.0
53.0
49.0
88.0
55.0
88.0
89.0
69.0
85.0
77.0
26.0
55.0
84.0
22.0
61.0
69.0
26.0
99.0
92.0
73.0
38.0
64.0
43.0
34.0
98.0
62.0
100.0
22.0
94.0
43.0
25.0
46.0
33.0
91.0
30.0
99.0
51.0
98.0
24.0
43.0
96.0
69.0
24.0
77.0
28.0
35.0
53.0
44.0
49.0
88.0
70.0
65.0
48.0
45.0
74.0
23.0
66.0
32.0
68.0
34.0
85.0
59.0
90.0
38.0
56.0
47.0
75.0
50.0
57.0
35.0
49.0
57.0
29.0
55.0
86.0
45.0
68.0
66.0
44.0
66.0
42.0
53.0
41.0
53.0
24.0
36.0
22.0
76.0
43.0
24.0
28.0
31.0
90.0
60.0
94.0
96.0
35.0
44.0
98.0
46.0
56.0
82.0
96.0
38.0
31.0
92.0
72.0
31.0
26.0
90.0
90.0
83.0
96.0
81.0
48.0
80.0
23.0
59.0
54.0
52.0
57.0
33.0
29.0
42.0
36.0
41.0
20.0
93.0
29.0
57.0
23.0
39.0
25.0
80.0
78.0
92.0
76.0
35.0
55.0
50.0
46.0
34.0
22.0
40.0
38.0
63.0
63.0
39.0
69.0
26.0
41.0
69.0
20.0
20.0
89.0
39.0
90.0
63.0
44.0
66.0
42.0
95.0
37.0
96.0
27.0
24.0
61.0
25.0
69.0
26.0
87.0
89.0
74.0
97.0
81.0
83.0
76.0
99.0
35.0
87.0
21.0
44.0
92.0
93.0
36.0
28.0
88.0
47.0
56.0
88.0
56.0
42.0
50.0
26.0
87.0
28.0
42.0
49.0
72.0
50.0
59.0
59.0
60.0
72.0
100.0
51.0
47.0
58.0
83.0
98.0
75.0
65.0
66.0
39.0
21.0
33.0
62.0
73.0
61.0
78.0
100.0
33.0
93.0
91.0
52.0
42.0
52.0
23.0
51.0
79.0
43.0
89.0
40.0
88.0
49.0
100.0
67.0
25.0
52.0
78.0
32.0
46.0
67.0
52.0
58.0
55.0
32.0
95.0
85.0
94.0
27.0
54.0
72.0
36.0
22.0
67.0
77.0
52.0
64.0
50.0
79.0
27.0
90.0
29.0
25.0
30.0
92.0
52.0
88.0
89.0
24.0
96.0
78.0
71.0
80.0
33.0
72.0
30.0
88.0
52.0
27.0
37.0
51.0
27.0
65.0
62.0
66.0
83.0
85.0
23.0
33.0
76.0
73.0
64.0
50.0
61.0
90.0
59.0
82.0
99.0
34.0
24.0
38.0
91.0
68.0
92.0
95.0
78.0
44.0
93.0
92.0
27.0
28.0
88.0
52.0
77.0
85.0
61.0
42.0
99.0
21.0
39.0
68.0
29.0
59.0
77.0
71.0
24.0
88.0
29.0
37.0
34.0
20.0
31.0
87.0
96.0
84.0
84.0
34.0
89.0
53.0
84.0
74.0
71.0
21.0
52.0
37.0
42.0
71.0
49.0
69.0
58.0
96.0
80.0
95.0
71.0
64.0
96.0
87.0
64.0
57.0
81.0
40.0
59.0
70.0
65.0
64.0
39.0
65.0
59.0
68.0
51.0
77.0
64.0
78.0
46.0
73.0
51.0
27.0
34.0
30.0
30.0
61.0
78.0
55.0
42.0
56.0
78.0
79.0
92.0
24.0
53.0
95.0
38.0
88.0
81.0
67.0
56.0
22.0
26.0
84.0
86.0
27.0
99.0
72.0
39.0
32.0
44.0
72.0
52.0
53.0
89.0
65.0
78.0
88.0
47.0
23.0
72.0
62.0
45.0
51.0
28.0
83.0
45.0
79.0
61.0
39.0
53.0
43.0
91.0
83.0
65.0
45.0
72.0
98.0
39.0
68.0
88.0
48.0
41.0
43.0
33.0
35.0
28.0
27.0
83.0
43.0
45.0
77.0
85.0
62.0
90.0
60.0
92.0
95.0
29.0
78.0
21.0
89.0
36.0
79.0
39.0
81.0
86.0
66.0
53.0
50.0
90.0
96.0
25.0
75.0
40.0
44.0
60.0
69.0
75.0
95.0
49.0
61.0
30.0
26.0
40.0
80.0
28.0
91.0
97.0
41.0
55.0
81.0
54.0
66.0
55.0
47.0
34.0
78.0
45.0
52.0
72.0
97.0
49.0
70.0
21.0
86.0
87.0
27.0
81.0
54.0
50.0
47.0
86.0
96.0
71.0
22.0
20.0
52.0
91.0
100.0
87.0
55.0
57.0
84.0
43.0
65.0
42.0
73.0
84.0
49.0
32.0
86.0
60.0
72.0
82.0
63.0
70.0
92.0
55.0
82.0
48.0
37.0
47.0
26.0
90.0
100.0
81.0
38.0
41.0
53.0
93.0
44.0
80.0
97.0
76.0
41.0
91.0
70.0
56.0
74.0
47.0
88.0
80.0
27.0
73.0
50.0
63.0
37.0
70.0
96.0
72.0
42.0
45.0
95.0
40.0
91.0
23.0
20.0
74.0
33.0
79.0
86.0
93.0
77.0
59.0
89.0
45.0
64.0
20.0
71.0
62.0
52.0
24.0
24.0
25.0
50.0
47.0
45.0
66.0
66.0
26.0
80.0
37.0
93.0
37.0
53.0
75.0
25.0
65.0
24.0
47.0
62.0
81.0
89.0
63.0
40.0
97.0
49.0
36.0
81.0
64.0
34.0
29.0
50.0
53.0
90.0
91.0
96.0
91.0
79.0
45.0
67.0
53.0
75.0
28.0
65.0
84.0
100.0
78.0
94.0
78.0
43.0
43.0
81.0
71.0
51.0
91.0
95.0
20.0
40.0
96.0
36.0
100.0
97.0
82.0
34.0
79.0
28.0
66.0
96.0
81.0
63.0
63.0
42.0
89.0
89.0
61.0
54.0
81.0
70.0
87.0
38.0
57.0
25.0
47.0
32.0
53.0
49.0
20.0
33.0
37.0
32.0
85.0
99.0
49.0
78.0
91.0
93.0
80.0
50.0
52.0
81.0
58.0
42.0
26.0
71.0
54.0
51.0
87.0
68.0
56.0
27.0
61.0
51.0
30.0
44.0
20.0
35.0
65.0
96.0
52.0
24.0
