u1000_14
150.0 1000 394
20.0
58.0
59.0
61.0
28.0
99.0
72.0
49.0
42.0
30.0
61.0
49.0
66.0
100.0
87.0
72.0
65.0
31.0
73.0
29.0
79.0
62.0
21.0
21.0
72.0
35.0
33.0
81.0
35.0
55.0
36.0
68.0
31.0
68.0
63.0
78.0
60.0
33.0
48.0
51.0
47.0
92.0
27.0
99.0
80.0
50.0
20.0
76.0
73.0
51.0
31.0
81.0
87.0
39.0
51.0
55.0
83.0
60.0
43.0
59.0
27.0
67.0
36.0
84.0
44.0
100.0
53.0
83.0
63.0
86.0
33.0
63.0
66.0
51.0
89.0
72.0
79.0
35.0
21.0
36.0
62.0
46.0
63.0
42.0
57.0
54.0
38.0
74.0
56.0
95.0
50.0
26.0
58.0
57.0
72.0
67.0
76.0
34.0
21.0
68.0
86.0
82.0
42.0
36.0
93.0
98.0
47.0
35.0
63.0
84.0
23.0
85.0
34.0
97.0
90.0
93.0
74.0
43.0
72.0
57.0
85.0
25.0
37.0
98.0
44.0
100.0
63.0
64.0
48.0
99.0
94.0
78.0
81.0
20.0
54.0
91.0
30.0
44.0
81.0
34.0
69.0
64.0
93.0
26.0
26.0
64.0
84.0
33.0
24.0
69.0
45.0
94.0
37.0
80.0
99.0
56.0
32.0
38.0
85.0
45.0
32.0
39.0
55.0
23.0
37.0
34.0
39.0
96.0
88.0
55.0
63.0
61.0
66.0
72.0
36.0
75.0
23.0
52.0
44.0
81.0
84.0
49.0
90.0
40.0
25.0
80.0
46.0
95.0
32.0
83.0
46.0
25.0
79.0
68.0
64.0
75.0
28.0
65.0
76.0
95.0
64.0
46.0
44.0
83.0
23.0
86.0
70.0
81.0
73.0
69.0
93.0
33.0
73.0
32.0
88.0
35.0
89.0
79.0
46.0
42.0
58.0
26.0
65.0
94.0
29.0
78.0
64.0
20.0
98.0
27.0
57.0
75.0
64.0
93.0
85.0
56.0
82.0
20.0
79.0
96.0
47.0
81.0
59.0
40.0
91.0
37.0
43.0
61.0
31.0
38.0
67.0
57.0
50.0
100.0
39.0
26.0
34.0
57.0
82.0
38.0
55.0
47.0
97.0
86.0
88.0
91.0
35.0
30.0
32.0
30.0
66.0
98.0
44.0
32.0
26.0
96.0
93.0
56.0
71.0
90.0
73.0
35.0
23.0
39.0
42.0
75.0
32.0
35.0
22.0
80.0
91.0
35.0
79.0
97.0
33.0
80.0
99.0
88.0
32.0
78.0
20.0
53.0
73.0
22.0
34.0
34.0
47.0
69.0
81.0
87.0
83.0
24.0
58.0
59.0
79.0
78.0
68.0
48.0
65.0
95.0
72.0
48.0
36.0
28.0
63.0
47.0
94.0
64.0
71.0
53.0
27.0
96.0
45.0
40.0
93.0
81.0
46.0
98.0
40.0
49.0
98.0
27.0
31.0
49.0
64.0
87.0
59.0
81.0
49.0
53.0
65.0
69.0
96.0
45.0
81.0
100.0
46.0
94.0
27.0
79.0
98.0
58.0
75.0
42.0
31.0
97.0
40.0
94.0
64.0
74.0
94.0
95.0
74.0
97.0
61.0
24.0
73.0
87.0
80.0
49.0
28.0
90.0
45.0
50.0
61.0
76.0
39.0
59.0
94.0
47.0
22.0
46.0
50.0
86.0
79.0
56.0
71.0
81.0
58.0
83.0
47.0
33.0
72.0
100.0
64.0
53.0
38.0
99.0
86.0
59.0
44.0
97.0
65.0
94.0
53.0
62.0
45.0
57.0
29.0
67.0
88.0
90.0
95.0
56.0
66.0
33.0
46.0
51.0
63.0
84.0
59.0
67.0
71.0
52.0
59.0
50.0
55.0
22.0
54.0
54.0
59.0
75.0
95.0
28.0
98.0
87.0
47.0
45.0
34.0
51.0
24.0
29.0
33.0
93.0
65.0
68.0
74.0
70.0
77.0
51.0
23.0
60.0
53.0
25.0
34.0
27.0
35.0
82.0
78.0
63.0
90.0
82.0
95.0
40.0
42.0
39.0
29.0
27.0
74.0
62.0
80.0
71.0
88.0
57.0
29.0
98.0
63.0
59.0
28.0
69.0
43.0
58.0
69.0
87.0
29.0
65.0
55.0
51.0
37.0
21.0
42.0
82.0
74.0
45.0
73.0
49.0
74.0
59.0
57.0
41.0
80.0
96.0
58.0
50.0
21.0
64.0
48.0
45.0
96.0
67.0
63.0
70.0
41.0
53.0
29.0
61.0
30.0
49.0
87.0
43.0
34.0
86.0
36.0
83.0
94.0
96.0
26.0
24.0
69.0
43.0
97.0
64.0
23.0
86.0
74.0
61.0
48.0
46.0
40.0
36.0
94.0
71.0
22.0
42.0
22.0
40.0
32.0
83.0
74.0
79.0
69.0
46.0
92.0
66.0
24.0
37.0
74.0
66.0
97.0
44.0
88.0
46.0
75.0
48.0
88.0
69.0
54.0
58.0
83.0
69.0
32.0
69.0
55.0
36.0
23.0
48.0
65.0
50.0
81.0
72.0
38.0
70.0
40.0
74.0
57.0
57.0
62.0
43.0
50.0
26.0
43.0
98.0
73.0
62.0
40.0
76.0
97.0
22.0
34.0
57.0
97.0
22.0
68.0
34.0
60.0
23.0
38.0
88.0
73.0
82.0
31.0
72.0
91.0
42.0
31.0
31.0
31.0
60.0
54.0
61.0
23.0
91.0
62.0
85.0
44.0
27.0
92.0
35.0
35.0
62.0
39.0
36.0
77.0
53.0
64.0
70.0
23.0
36.0
35.0
32.0
42.0
86.0
65.0
60.0
28.0
67.0
94.0
81.0
85.0
54.0
67.0
95.0
62.0
53.0
42.0
51.0
22.0
25.0
57.0
69.0
74.0
57.0
75.0
32.0
33.0
50.0
79.0
46.0
51.0
98.0
78.0
75.0
72.0
71.0
87.0
67.0
43.0
99.0
74.0
26.0
37.0
74.0
47.0
38.0
78.0
69.0
76.0
44.0
48.0
74.0
41.0
100.0
27.0
74.0
59.0
46.0
62.0
82.0
43.0
87.0
93.0
22.0
67.0
29.0
23.0
33.0
93.0
49.0
48.0
42.0
78.0
95.0
75.0
61.0
42.0
42.0
95.0
97.0
63.0
53.0
65.0
90.0
80.0
82.0
62.0
26.0
48.0
59.0
82.0
38.0
59.0
48.0
92.0
26.0
86.0
22.0
73.0
96.0
42.0
60.0
71.0
58.0
36.0
70.0
86.0
56.0
55.0
26.0
92.0
96.0
27.0
66.0
22.0
99.0
99.0
80.0
27.0
33.0
51.0
88.0
68.0
32.0
42.0
26.0
67.0
49.0
76.0
59.0
35.0
96.0
54.0
42.0
50.0
93.0
32.0
42.0
44.0
48.0
96.0
37.0
89.0
23.0
47.0
95.0
90.0
25.0
66.0
41.0
44.0
44.0
62.0
24.0
85.0
43.0
21.0
69.0
32.0
72.0
58.0
48.0
69.0
86.0
71.0
72.0
93.0
70.0
95.0
57.0
75.0
35.0
24.0
99.0
59.0
38.0
28.0
28.0
59.0
51.0
74.0
81.0
68.0
55.0
60.0
70.0
23.0
59.0
79.0
52.0
39.0
36.0
75.0
91.0
74.0
20.0
62.0
72.0
90.0
98.0
33.0
67.0
68.0
48.0
30.0
84.0
47.0
26.0
26.0
25.0
89.0
26.0
29.0
97.0
92.0
25.0
87.0
89.0
24.0
60.0
27.0
39.0
57.0
42.0
71.0
39.0
39.0
41.0
55.0
59.0
50.0
62.0
44.0
62.0
97.0
89.0
95.0
36.0
66.0
72.0
42.0
32.0
43.0
54.0
33.0
23.0
26.0
32.0
22.0
27.0
44.0
45.0
78.0
63.0
90.0
37.0
57.0
22.0
51.0
21.0
44.0
60.0
30.0
36.0
79.0
61.0
84.0
72.0
25.0
52.0
36.0
55.0
65.0
34.0
70.0
21.0
43.0
100.0
21.0
78.0
39.0
57.0
59.0
66.0
47.0
84.0
96.0
42.0
39.0
76.0
51.0
61.0
100.0
34.0
68.0
24.0
23.0
68.0
55.0
79.0
58.0
81.0
74.0
63.0
22.0
38.0
29.0
85.0
100.0
89.0
94.0
81.0
65.0
67.0
58.0
50.0
86.0
68.0
77.0
88.0
78.0
26.0
44.0
41.0
69.0
75.0
45.0
27.0
76.0
89.0
49.0
26.0
45.0
72.0
99.0
64.0
79.0
49.0
24.0
53.0
84.0
85.0
27.0
44.0
86.0
48.0
90.0
94.0
67.0
45.0
100.0
79.0
