u1000_18
150.0 1000 399
59.0
59.0
72.0
41.0
33.0
91.0
28.0
83.0
47.0
81.0
57.0
83.0
75.0
46.0
55.0
81.0
92.0
74.0
48.0
27.0
57.0
83.0
68.0
43.0
49.0
30.0
52.0
27.0
77.0
79.0
45.0
47.0
38.0
54.0
82.0
45.0
51.0
32.0
40.0
75.0
98.0
52.0
37.0
60.0
28.0
79.0
81.0
60.0
90.0
97.0
28.0
30.0
73.0
96.0
54.0
95.0
21.0
95.0
88.0
39.0
50.0
28.0
35.0
66.0
29.0
88.0
27.0
52.0
99.0
85.0
31.0
49.0
63.0
72.0
39.0
46.0
23.0
64.0
96.0
40.0
60.0
48.0
88.0
29.0
88.0
67.0
94.0
87.0
24.0
36.0
33.0
58.0
28.0
63.0
89.0
56.0
47.0
65.0
46.0
71.0
98.0
84.0
73.0
79.0
62.0
74.0
91.0
95.0
72.0
78.0
40.0
75.0
44.0
27.0
94.0
94.0
85.0
56.0
89.0
26.0
62.0
81.0
74.0
99.0
29.0
63.0
52.0
65.0
22.0
87.0
25.0
76.0
49.0
73.0
74.0
34.0
41.0
60.0
41.0
64.0
83.0
86.0
78.0
83.0
84.0
55.0
60.0
74.0
91.0
96.0
26.0
44.0
56.0
84.0
88.0
38.0
75.0
75.0
98.0
58.0
98.0
79.0
99.0
38.0
92.0
72.0
47.0
63.0
89.0
98.0
36.0
36.0
38.0
100.0
65.0
31.0
78.0
52.0
46.0
56.0
99.0
27.0
89.0
75.0
30.0
56.0
39.0
46.0
81.0
79.0
24.0
38.0
49.0
49.0
55.0
20.0
33.0
29.0
58.0
80.0
45.0
93.0
38.0
45.0
92.0
25.0
23.0
49.0
82.0
92.0
58.0
89.0
76.0
23.0
43.0
46.0
34.0
33.0
87.0
47.0
40.0
28.0
74.0
60.0
39.0
64.0
64.0
77.0
67.0
27.0
80.0
37.0
91.0
62.0
63.0
52.0
90.0
22.0
56.0
69.0
42.0
49.0
27.0
53.0
63.0
73.0
33.0
61.0
67.0
50.0
69.0
55.0
40.0
88.0
43.0
91.0
59.0
28.0
33.0
30.0
95.0
71.0
80.0
53.0
77.0
90.0
21.0
92.0
75.0
99.0
56.0
97.0
69.0
58.0
66.0
50.0
38.0
92.0
100.0
49.0
29.0
42.0
92.0
33.0
48.0
27.0
48.0
62.0
42.0
38.0
81.0
51.0
43.0
25.0
66.0
81.0
80.0
55.0
51.0
95.0
23.0
75.0
75.0
66.0
42.0
53.0
68.0
35.0
56.0
86.0
47.0
69.0
48.0
71.0
33.0
77.0
40.0
78.0
72.0
66.0
27.0
60.0
23.0
51.0
66.0
87.0
40.0
81.0
81.0
26.0
51.0
85.0
32.0
23.0
75.0
71.0
38.0
30.0
54.0
37.0
69.0
74.0
39.0
59.0
44.0
91.0
25.0
33.0
84.0
34.0
22.0
35.0
85.0
45.0
55.0
86.0
97.0
97.0
43.0
88.0
50.0
23.0
27.0
42.0
46.0
63.0
23.0
83.0
38.0
27.0
68.0
94.0
25.0
92.0
74.0
79.0
77.0
24.0
62.0
42.0
42.0
26.0
42.0
27.0
26.0
68.0
28.0
22.0
29.0
29.0
30.0
68.0
61.0
94.0
35.0
79.0
20.0
51.0
79.0
81.0
49.0
63.0
85.0
71.0
81.0
94.0
64.0
31.0
34.0
61.0
67.0
69.0
30.0
30.0
65.0
98.0
47.0
67.0
46.0
85.0
86.0
77.0
32.0
58.0
95.0
46.0
78.0
91.0
71.0
93.0
36.0
35.0
63.0
38.0
22.0
98.0
88.0
58.0
40.0
94.0
30.0
50.0
23.0
65.0
93.0
39.0
70.0
58.0
60.0
52.0
67.0
63.0
94.0
37.0
37.0
26.0
40.0
31.0
32.0
30.0
79.0
22.0
90.0
51.0
20.0
36.0
49.0
34.0
49.0
87.0
23.0
53.0
47.0
88.0
95.0
31.0
78.0
97.0
60.0
96.0
32.0
65.0
75.0
95.0
88.0
76.0
30.0
89.0
53.0
72.0
60.0
40.0
63.0
48.0
23.0
26.0
41.0
55.0
73.0
52.0
29.0
55.0
42.0
96.0
49.0
90.0
49.0
38.0
35.0
49.0
49.0
23.0
85.0
58.0
64.0
100.0
26.0
57.0
71.0
54.0
23.0
69.0
37.0
82.0
32.0
30.0
27.0
60.0
84.0
84.0
92.0
64.0
86.0
51.0
70.0
81.0
29.0
95.0
46.0
95.0
65.0
50.0
75.0
29.0
80.0
59.0
86.0
20.0
79.0
96.0
97.0
93.0
47.0
24.0
24.0
88.0
53.0
36.0
38.0
51.0
40.0
63.0
90.0
38.0
89.0
92.0
89.0
42.0
46.0
35.0
87.0
75.0
76.0
88.0
97.0
88.0
32.0
44.0
80.0
55.0
98.0
29.0
76.0
85.0
35.0
62.0
20.0
64.0
75.0
30.0
75.0
70.0
35.0
85.0
100.0
42.0
75.0
47.0
61.0
84.0
30.0
57.0
41.0
25.0
20.0
54.0
32.0
30.0
52.0
99.0
99.0
30.0
99.0
37.0
24.0
85.0
85.0
50.0
33.0
31.0
95.0
23.0
27.0
53.0
59.0
32.0
53.0
96.0
93.0
35.0
77.0
77.0
88.0
38.0
26.0
25.0
96.0
82.0
27.0
36.0
47.0
99.0
77.0
22.0
31.0
23.0
26.0
20.0
77.0
86.0
58.0
40.0
29.0
43.0
27.0
29.0
95.0
57.0
59.0
71.0
20.0
30.0
23.0
54.0
76.0
97.0
62.0
50.0
69.0
87.0
35.0
93.0
31.0
79.0
93.0
24.0
42.0
24.0
78.0
25.0
48.0
67.0
93.0
70.0
93.0
76.0
80.0
65.0
94.0
28.0
39.0
60.0
81.0
94.0
97.0
41.0
45.0
65.0
57.0
47.0
68.0
27.0
81.0
27.0
70.0
55.0
36.0
77.0
55.0
91.0
62.0
70.0
95.0
77.0
85.0
46.0
98.0
99.0
30.0
29.0
94.0
78.0
55.0
67.0
48.0
60.0
94.0
79.0
61.0
78.0
23.0
43.0
34.0
76.0
56.0
32.0
34.0
41.0
99.0
89.0
31.0
83.0
93.0
51.0
98.0
67.0
68.0
81.0
21.0
38.0
33.0
73.0
66.0
96.0
26.0
64.0
76.0
57.0
47.0
78.0
100.0
27.0
26.0
70.0
70.0
53.0
64.0
93.0
47.0
46.0
43.0
72.0
59.0
31.0
78.0
20.0
47.0
68.0
52.0
20.0
97.0
93.0
85.0
64.0
91.0
84.0
79.0
90.0
74.0
98.0
64.0
78.0
49.0
34.0
67.0
72.0
84.0
74.0
38.0
42.0
26.0
57.0
87.0
95.0
39.0
54.0
48.0
78.0
41.0
55.0
37.0
95.0
72.0
58.0
51.0
72.0
40.0
28.0
48.0
89.0
39.0
92.0
51.0
28.0
94.0
50.0
85.0
46.0
30.0
70.0
20.0
69.0
28.0
60.0
72.0
84.0
30.0
93.0
99.0
36.0
83.0
75.0
61.0
78.0
67.0
68.0
87.0
93.0
42.0
71.0
57.0
64.0
25.0
80.0
26.0
94.0
90.0
65.0
73.0
100.0
79.0
90.0
64.0
54.0
25.0
36.0
51.0
80.0
21.0
84.0
59.0
40.0
77.0
89.0
27.0
84.0
47.0
58.0
86.0
80.0
63.0
23.0
84.0
34.0
79.0
69.0
90.0
71.0
79.0
91.0
45.0
30.0
71.0
45.0
42.0
26.0
48.0
75.0
90.0
52.0
92.0
67.0
96.0
27.0
81.0
49.0
57.0
41.0
28.0
31.0
38.0
27.0
88.0
94.0
53.0
48.0
97.0
43.0
95.0
82.0
54.0
95.0
20.0
66.0
63.0
58.0
41.0
26.0
76.0
48.0
78.0
72.0
83.0
52.0
22.0
56.0
57.0
57.0
87.0
29.0
23.0
71.0
32.0
97.0
43.0
37.0
93.0
87.0
71.0
73.0
53.0
92.0
20.0
32.0
50.0
56.0
41.0
56.0
48.0
84.0
77.0
78.0
79.0
82.0
78.0
93.0
52.0
35.0
74.0
88.0
62.0
63.0
59.0
26.0
41.0
42.0
96.0
76.0
73.0
40.0
26.0
44.0
85.0
56.0
66.0
98.0
68.0
60.0
29.0
60.0
95.0
45.0
78.0
57.0
89.0
37.0
54.0
62.0
61.0
61.0
