u1000_13
150.0 1000 396
30.0
68.0
62.0
100.0
85.0
40.0
24.0
100.0
55.0
80.0
99.0
62.0
67.0
37.0
75.0
82.0
25.0
23.0
71.0
48.0
66.0
66.0
65.0
79.0
91.0
42.0
77.0
82.0
83.0
59.0
80.0
92.0
83.0
21.0
38.0
92.0
58.0
67.0
68.0
85.0
45.0
25.0
55.0
54.0
73.0
87.0
76.0
43.0
71.0
20.0
28.0
98.0
41.0
51.0
20.0
47.0
98.0
53.0
54.0
45.0
72.0
90.0
49.0
94.0
63.0
33.0
94.0
23.0
93.0
68.0
45.0
21.0
53.0
22.0
98.0
82.0
74.0
28.0
31.0
25.0
67.0
82.0
60.0
64.0
83.0
30.0
20.0
27.0
29.0
48.0
39.0
57.0
52.0
59.0
55.0
94.0
58.0
56.0
95.0
90.0
62.0
80.0
73.0
37.0
37.0
27.0
82.0
80.0
52.0
58.0
75.0
98.0
43.0
26.0
30.0
37.0
67.0
83.0
81.0
69.0
76.0
56.0
47.0
75.0
82.0
36.0
34.0
61.0
29.0
84.0
48.0
71.0
49.0
59.0
73.0
63.0
25.0
54.0
25.0
69.0
84.0
31.0
20.0
96.0
47.0
100.0
54.0
46.0
36.0
20.0
59.0
54.0
23.0
94.0
28.0
79.0
49.0
91.0
28.0
94.0
33.0
62.0
94.0
84.0
71.0
29.0
71.0
30.0
74.0
48.0
90.0
59.0
82.0
88.0
66.0
60.0
32.0
54.0
55.0
58.0
54.0
99.0
40.0
47.0
74.0
52.0
37.0
72.0
90.0
37.0
83.0
89.0
86.0
74.0
70.0
70.0
61.0
47.0
61.0
31.0
20.0
46.0
99.0
49.0
90.0
59.0
23.0
22.0
64.0
85.0
23.0
73.0
94.0
72.0
77.0
92.0
26.0
95.0
95.0
73.0
75.0
51.0
84.0
23.0
21.0
95.0
76.0
30.0
77.0
76.0
28.0
79.0
56.0
51.0
79.0
43.0
33.0
74.0
87.0
69.0
28.0
87.0
42.0
52.0
100.0
21.0
48.0
86.0
59.0
92.0
84.0
83.0
36.0
84.0
22.0
80.0
57.0
34.0
56.0
76.0
72.0
82.0
29.0
26.0
29.0
50.0
43.0
42.0
93.0
67.0
95.0
72.0
41.0
72.0
51.0
40.0
64.0
38.0
39.0
82.0
99.0
69.0
61.0
51.0
53.0
57.0
95.0
37.0
47.0
42.0
58.0
82.0
43.0
45.0
48.0
90.0
65.0
62.0
95.0
56.0
89.0
27.0
77.0
38.0
85.0
43.0
38.0
88.0
29.0
74.0
80.0
64.0
57.0
81.0
22.0
60.0
44.0
26.0
94.0
37.0
62.0
52.0
28.0
39.0
66.0
72.0
49.0
51.0
66.0
97.0
38.0
80.0
87.0
30.0
61.0
52.0
46.0
38.0
21.0
27.0
37.0
80.0
84.0
43.0
34.0
94.0
57.0
21.0
29.0
50.0
81.0
62.0
81.0
39.0
86.0
72.0
29.0
92.0
96.0
47.0
81.0
79.0
93.0
98.0
82.0
88.0
29.0
71.0
81.0
39.0
28.0
85.0
56.0
67.0
80.0
78.0
72.0
68.0
28.0
56.0
99.0
49.0
42.0
20.0
71.0
77.0
82.0
53.0
73.0
30.0
61.0
95.0
77.0
41.0
89.0
22.0
72.0
20.0
86.0
64.0
82.0
60.0
97.0
97.0
65.0
49.0
51.0
33.0
48.0
69.0
23.0
40.0
79.0
24.0
31.0
95.0
69.0
83.0
93.0
72.0
48.0
78.0
34.0
54.0
70.0
48.0
81.0
37.0
70.0
60.0
44.0
38.0
62.0
29.0
53.0
39.0
87.0
20.0
59.0
49.0
94.0
77.0
62.0
59.0
37.0
41.0
67.0
71.0
94.0
80.0
83.0
76.0
25.0
69.0
55.0
74.0
75.0
76.0
51.0
63.0
41.0
50.0
40.0
37.0
49.0
68.0
50.0
79.0
71.0
25.0
42.0
72.0
57.0
64.0
53.0
26.0
52.0
44.0
38.0
20.0
65.0
39.0
42.0
38.0
78.0
49.0
77.0
96.0
47.0
49.0
52.0
80.0
93.0
48.0
83.0
35.0
25.0
41.0
59.0
77.0
95.0
68.0
94.0
38.0
89.0
34.0
96.0
79.0
85.0
71.0
72.0
52.0
58.0
48.0
85.0
32.0
85.0
34.0
51.0
58.0
51.0
48.0
55.0
54.0
84.0
75.0
96.0
81.0
75.0
56.0
31.0
74.0
38.0
59.0
20.0
20.0
41.0
23.0
51.0
44.0
23.0
59.0
55.0
34.0
54.0
64.0
27.0
74.0
90.0
20.0
44.0
35.0
53.0
64.0
59.0
51.0
89.0
92.0
38.0
63.0
68.0
44.0
52.0
22.0
28.0
28.0
28.0
41.0
39.0
54.0
89.0
24.0
44.0
69.0
23.0
84.0
90.0
75.0
70.0
40.0
61.0
83.0
40.0
52.0
56.0
76.0
76.0
34.0
61.0
26.0
34.0
39.0
61.0
42.0
99.0
81.0
82.0
70.0
81.0
50.0
73.0
61.0
66.0
50.0
46.0
54.0
95.0
71.0
84.0
98.0
57.0
24.0
61.0
36.0
61.0
53.0
38.0
54.0
93.0
33.0
92.0
97.0
74.0
57.0
99.0
96.0
50.0
84.0
96.0
74.0
55.0
37.0
74.0
95.0
100.0
27.0
58.0
62.0
61.0
67.0
87.0
24.0
53.0
69.0
71.0
60.0
43.0
37.0
43.0
44.0
79.0
98.0
24.0
56.0
65.0
98.0
90.0
100.0
43.0
38.0
62.0
71.0
26.0
75.0
87.0
33.0
82.0
71.0
72.0
67.0
73.0
33.0
64.0
100.0
62.0
72.0
42.0
33.0
78.0
65.0
32.0
84.0
47.0
55.0
41.0
65.0
82.0
93.0
52.0
42.0
67.0
94.0
50.0
24.0
68.0
28.0
20.0
30.0
82.0
79.0
47.0
97.0
30.0
86.0
86.0
72.0
20.0
77.0
91.0
41.0
50.0
54.0
62.0
72.0
41.0
80.0
40.0
60.0
22.0
22.0
69.0
87.0
83.0
61.0
100.0
61.0
40.0
54.0
83.0
60.0
25.0
99.0
31.0
75.0
38.0
61.0
44.0
46.0
45.0
100.0
99.0
98.0
54.0
39.0
61.0
32.0
73.0
81.0
94.0
65.0
67.0
24.0
45.0
71.0
79.0
54.0
59.0
87.0
93.0
69.0
80.0
21.0
51.0
69.0
76.0
45.0
73.0
40.0
25.0
41.0
65.0
68.0
71.0
33.0
81.0
56.0
23.0
50.0
90.0
74.0
74.0
30.0
68.0
43.0
39.0
71.0
53.0
89.0
98.0
98.0
41.0
67.0
77.0
79.0
84.0
75.0
79.0
34.0
68.0
21.0
94.0
63.0
25.0
49.0
70.0
50.0
56.0
95.0
89.0
45.0
99.0
54.0
27.0
91.0
80.0
94.0
47.0
27.0
96.0
77.0
31.0
53.0
23.0
42.0
81.0
24.0
91.0
23.0
24.0
35.0
72.0
50.0
64.0
29.0
93.0
83.0
32.0
32.0
90.0
38.0
21.0
46.0
46.0
38.0
36.0
22.0
31.0
41.0
23.0
70.0
42.0
40.0
92.0
50.0
51.0
33.0
61.0
43.0
66.0
84.0
64.0
48.0
95.0
89.0
20.0
47.0
41.0
82.0
29.0
44.0
93.0
84.0
52.0
40.0
82.0
62.0
80.0
56.0
83.0
33.0
58.0
50.0
59.0
90.0
62.0
42.0
47.0
84.0
34.0
75.0
93.0
40.0
76.0
50.0
94.0
61.0
22.0
21.0
72.0
51.0
48.0
43.0
91.0
28.0
82.0
39.0
68.0
67.0
54.0
27.0
38.0
88.0
26.0
40.0
88.0
88.0
63.0
62.0
26.0
67.0
94.0
50.0
36.0
24.0
62.0
71.0
27.0
52.0
48.0
39.0
74.0
21.0
93.0
30.0
27.0
39.0
77.0
86.0
29.0
91.0
67.0
36.0
54.0
39.0
83.0
71.0
53.0
36.0
96.0
42.0
20.0
34.0
40.0
92.0
95.0
26.0
75.0
62.0
52.0
30.0
98.0
26.0
77.0
86.0
51.0
20.0
44.0
30.0
23.0
54.0
21.0
76.0
33.0
21.0
40.0
70.0
36.0
37.0
46.0
76.0
92.0
82.0
70.0
58.0
95.0
22.0
82.0
55.0
84.0
39.0
82.0
85.0
36.0
56.0
84.0
35.0
92.0
44.0
29.0
53.0
