u1000_12
150.0 1000 393
31.0
59.0
52.0
48.0
39.0
65.0
33.0
28.0
48.0
40.0
64.0
20.0
84.0
42.0
83.0
70.0
92.0
71.0
58.0
84.0
32.0
96.0
43.0
61.0
32.0
97.0
26.0
30.0
33.0
55.0
81.0
61.0
54.0
75.0
87.0
83.0
72.0
21.0
100.0
85.0
61.0
92.0
34.0
66.0
68.0
86.0
71.0
73.0
65.0
46.0
91.0
26.0
37.0
88.0
94.0
33.0
31.0
45.0
84.0
69.0
41.0
41.0
68.0
43.0
51.0
46.0
20.0
83.0
49.0
84.0
30.0
90.0
99.0
79.0
37.0
34.0
90.0
95.0
88.0
59.0
50.0
52.0
92.0
38.0
75.0
82.0
40.0
78.0
35.0
58.0
61.0
86.0
29.0
75.0
72.0
49.0
23.0
40.0
69.0
49.0
65.0
81.0
39.0
56.0
72.0
32.0
32.0
66.0
72.0
29.0
55.0
39.0
31.0
83.0
89.0
60.0
91.0
39.0
54.0
57.0
92.0
20.0
33.0
66.0
92.0
47.0
29.0
48.0
26.0
80.0
67.0
42.0
46.0
82.0
53.0
84.0
51.0
95.0
86.0
40.0
24.0
68.0
79.0
62.0
72.0
23.0
43.0
65.0
85.0
29.0
61.0
100.0
37.0
89.0
89.0
20.0
34.0
63.0
72.0
91.0
30.0
49.0
62.0
21.0
54.0
100.0
37.0
70.0
38.0
35.0
33.0
56.0
48.0
77.0
73.0
23.0
46.0
86.0
87.0
45.0
20.0
44.0
64.0
33.0
92.0
93.0
53.0
22.0
81.0
64.0
45.0
75.0
75.0
75.0
37.0
49.0
78.0
73.0
73.0
26.0
35.0
26.0
87.0
37.0
77.0
48.0
59.0
94.0
21.0
24.0
100.0
92.0
21.0
86.0
23.0
24.0
66.0
88.0
93.0
84.0
95.0
22.0
33.0
93.0
51.0
28.0
39.0
83.0
66.0
74.0
34.0
100.0
100.0
58.0
43.0
91.0
64.0
75.0
20.0
93.0
94.0
69.0
88.0
38.0
69.0
55.0
91.0
69.0
76.0
93.0
59.0
39.0
31.0
66.0
34.0
76.0
49.0
50.0
84.0
35.0
57.0
57.0
77.0
69.0
40.0
76.0
23.0
55.0
87.0
53.0
94.0
31.0
60.0
77.0
36.0
99.0
20.0
94.0
21.0
87.0
99.0
23.0
71.0
23.0
43.0
58.0
85.0
88.0
24.0
78.0
83.0
69.0
20.0
44.0
33.0
75.0
51.0
20.0
54.0
80.0
67.0
56.0
93.0
49.0
27.0
22.0
30.0
34.0
68.0
43.0
43.0
45.0
64.0
78.0
22.0
32.0
99.0
84.0
55.0
59.0
68.0
80.0
88.0
52.0
40.0
94.0
48.0
58.0
34.0
20.0
95.0
49.0
84.0
47.0
26.0
86.0
88.0
24.0
88.0
56.0
80.0
76.0
98.0
25.0
47.0
78.0
58.0
44.0
49.0
64.0
98.0
55.0
76.0
53.0
87.0
69.0
98.0
44.0
63.0
51.0
34.0
39.0
37.0
77.0
80.0
33.0
26.0
78.0
78.0
76.0
79.0
47.0
62.0
86.0
47.0
76.0
65.0
82.0
62.0
97.0
27.0
56.0
35.0
95.0
72.0
67.0
78.0
32.0
56.0
20.0
95.0
30.0
44.0
24.0
78.0
85.0
74.0
44.0
48.0
90.0
26.0
85.0
57.0
67.0
56.0
34.0
26.0
39.0
87.0
96.0
51.0
97.0
100.0
57.0
46.0
77.0
73.0
99.0
45.0
71.0
26.0
39.0
38.0
29.0
86.0
79.0
20.0
34.0
86.0
75.0
96.0
22.0
61.0
27.0
93.0
36.0
81.0
36.0
91.0
43.0
23.0
39.0
24.0
76.0
55.0
21.0
68.0
28.0
48.0
43.0
21.0
99.0
80.0
51.0
67.0
35.0
82.0
20.0
93.0
89.0
35.0
91.0
79.0
58.0
54.0
28.0
25.0
96.0
28.0
74.0
90.0
100.0
92.0
24.0
77.0
66.0
88.0
48.0
36.0
91.0
25.0
61.0
99.0
85.0
24.0
20.0
68.0
36.0
24.0
53.0
54.0
43.0
35.0
71.0
73.0
25.0
78.0
84.0
75.0
95.0
90.0
44.0
68.0
53.0
97.0
28.0
73.0
64.0
41.0
34.0
75.0
49.0
60.0
27.0
21.0
68.0
61.0
31.0
43.0
21.0
95.0
54.0
78.0
76.0
56.0
48.0
27.0
28.0
99.0
28.0
79.0
92.0
95.0
34.0
24.0
84.0
32.0
23.0
98.0
20.0
42.0
97.0
80.0
97.0
76.0
87.0
38.0
63.0
91.0
72.0
36.0
68.0
92.0
93.0
43.0
20.0
66.0
98.0
80.0
55.0
69.0
41.0
88.0
94.0
36.0
88.0
39.0
37.0
30.0
56.0
55.0
20.0
27.0
89.0
41.0
52.0
22.0
57.0
90.0
27.0
55.0
57.0
33.0
46.0
50.0
22.0
35.0
54.0
84.0
71.0
55.0
95.0
97.0
53.0
52.0
94.0
49.0
65.0
26.0
51.0
61.0
40.0
22.0
91.0
98.0
98.0
47.0
70.0
32.0
65.0
49.0
94.0
57.0
27.0
39.0
30.0
64.0
60.0
39.0
55.0
91.0
36.0
50.0
93.0
23.0
26.0
56.0
54.0
54.0
77.0
95.0
97.0
33.0
46.0
90.0
40.0
34.0
81.0
45.0
21.0
29.0
28.0
50.0
70.0
50.0
83.0
73.0
59.0
56.0
45.0
100.0
44.0
38.0
65.0
32.0
83.0
88.0
79.0
76.0
50.0
69.0
88.0
74.0
33.0
39.0
82.0
90.0
62.0
74.0
31.0
68.0
55.0
79.0
61.0
45.0
50.0
38.0
53.0
85.0
82.0
58.0
50.0
32.0
22.0
86.0
45.0
98.0
99.0
29.0
38.0
33.0
89.0
42.0
69.0
25.0
82.0
43.0
43.0
67.0
85.0
59.0
46.0
23.0
43.0
38.0
60.0
33.0
41.0
24.0
52.0
93.0
66.0
86.0
62.0
33.0
90.0
72.0
32.0
42.0
95.0
57.0
75.0
20.0
86.0
36.0
81.0
48.0
96.0
75.0
51.0
86.0
23.0
72.0
24.0
95.0
26.0
61.0
82.0
80.0
22.0
62.0
94.0
36.0
86.0
97.0
93.0
75.0
54.0
45.0
55.0
75.0
63.0
41.0
44.0
69.0
57.0
50.0
90.0
76.0
56.0
68.0
52.0
26.0
48.0
41.0
42.0
62.0
73.0
62.0
47.0
21.0
80.0
85.0
81.0
47.0
66.0
44.0
32.0
59.0
97.0
61.0
31.0
71.0
44.0
82.0
60.0
59.0
71.0
86.0
55.0
43.0
65.0
21.0
71.0
59.0
40.0
74.0
22.0
100.0
64.0
92.0
32.0
32.0
77.0
85.0
43.0
54.0
45.0
57.0
36.0
72.0
24.0
63.0
56.0
23.0
69.0
26.0
37.0
21.0
27.0
29.0
37.0
35.0
24.0
47.0
80.0
56.0
54.0
67.0
25.0
59.0
78.0
22.0
28.0
22.0
22.0
87.0
24.0
26.0
66.0
59.0
54.0
48.0
63.0
35.0
63.0
47.0
99.0
69.0
76.0
26.0
42.0
55.0
70.0
59.0
81.0
75.0
46.0
67.0
43.0
51.0
33.0
67.0
70.0
86.0
88.0
78.0
65.0
52.0
45.0
44.0
95.0
36.0
70.0
72.0
22.0
96.0
53.0
81.0
55.0
21.0
27.0
53.0
57.0
23.0
69.0
32.0
58.0
26.0
87.0
34.0
71.0
67.0
89.0
95.0
81.0
94.0
57.0
64.0
96.0
63.0
49.0
66.0
59.0
40.0
54.0
25.0
93.0
81.0
71.0
68.0
61.0
92.0
63.0
90.0
29.0
78.0
47.0
34.0
65.0
90.0
25.0
40.0
99.0
35.0
40.0
94.0
39.0
41.0
65.0
97.0
61.0
89.0
73.0
89.0
85.0
34.0
86.0
25.0
83.0
39.0
88.0
33.0
32.0
31.0
94.0
24.0
62.0
99.0
31.0
99.0
43.0
74.0
81.0
55.0
67.0
85.0
71.0
68.0
21.0
29.0
59.0
33.0
94.0
65.0
45.0
60.0
58.0
81.0
41.0
31.0
69.0
59.0
91.0
25.0
56.0
59.0
24.0
82.0
40.0
80.0
92.0
87.0
25.0
57.0
66.0
35.0
55.0
77.0
90.0
90.0
74.0
34.0
58.0
24.0
69.0
55.0
72.0
48.0
69.0
