u120_02
150.0 120 46
38.0
100.0
60.0
42.0
20.0
69.0
24.0
23.0
92.0
32.0
84.0
36.0
65.0
84.0
34.0
68.0
64.0
33.0
69.0
27.0
47.0
21.0
85.0
88.0
59.0
61.0
50.0
53.0
37.0
75.0
64.0
84.0
74.0
57.0
83.0
28.0
31.0
97.0
61.0
36.0
46.0
37.0
96.0
80.0
53.0
51.0
68.0
90.0
64.0
81.0
66.0
67.0
80.0
37.0
92.0
67.0
64.0
31.0
94.0
45.0
80.0
28.0
76.0
29.0
64.0
38.0
48.0
40.0
29.0
44.0
81.0
35.0
51.0
48.0
67.0
24.0
46.0
38.0
76.0
22.0
30.0
67.0
45.0
41.0
29.0
41.0
79.0
21.0
25.0
90.0
62.0
34.0
73.0
50.0
79.0
66.0
59.0
42.0
90.0
79.0
70.0
66.0
80.0
35.0
62.0
98.0
97.0
37.0
32.0
75.0
91.0
91.0
48.0
26.0
23.0
32.0
100.0
46.0
29.0
26.0
