u120_16
150.0 120 52
25.0
54.0
47.0
58.0
50.0
87.0
90.0
45.0
71.0
70.0
38.0
49.0
42.0
33.0
78.0
48.0
94.0
99.0
100.0
84.0
91.0
27.0
69.0
52.0
64.0
99.0
30.0
34.0
55.0
96.0
92.0
48.0
88.0
76.0
38.0
73.0
90.0
99.0
45.0
84.0
94.0
82.0
28.0
35.0
94.0
100.0
44.0
23.0
58.0
23.0
35.0
84.0
75.0
30.0
58.0
61.0
61.0
100.0
63.0
99.0
85.0
60.0
78.0
56.0
76.0
61.0
59.0
93.0
83.0
84.0
89.0
59.0
75.0
32.0
21.0
62.0
27.0
64.0
44.0
83.0
68.0
90.0
38.0
98.0
44.0
66.0
76.0
67.0
65.0
81.0
95.0
62.0
34.0
33.0
56.0
75.0
40.0
72.0
49.0
95.0
59.0
40.0
53.0
27.0
70.0
27.0
72.0
92.0
79.0
66.0
92.0
47.0
87.0
32.0
51.0
94.0
22.0
79.0
75.0
70.0
