u120_00
150.0 120 48
42.0
69.0
67.0
57.0
93.0
90.0
38.0
36.0
45.0
42.0
33.0
79.0
27.0
57.0
44.0
84.0
86.0
92.0
46.0
38.0
85.0
33.0
82.0
73.0
49.0
70.0
59.0
23.0
57.0
72.0
74.0
69.0
33.0
42.0
28.0
46.0
30.0
64.0
29.0
74.0
41.0
49.0
55.0
98.0
80.0
32.0
25.0
38.0
82.0
30.0
35.0
39.0
57.0
84.0
62.0
50.0
55.0
27.0
30.0
36.0
20.0
78.0
47.0
26.0
45.0
41.0
58.0
98.0
91.0
96.0
73.0
84.0
37.0
93.0
91.0
43.0
73.0
85.0
81.0
79.0
71.0
80.0
76.0
83.0
41.0
78.0
70.0
23.0
42.0
87.0
43.0
84.0
60.0
55.0
49.0
78.0
73.0
62.0
36.0
44.0
94.0
69.0
32.0
96.0
70.0
84.0
58.0
78.0
25.0
80.0
58.0
66.0
83.0
24.0
98.0
60.0
42.0
43.0
43.0
39.0
