u120_11
150.0 120 49
77.0
78.0
35.0
33.0
94.0
36.0
59.0
85.0
98.0
80.0
79.0
68.0
61.0
27.0
95.0
83.0
91.0
90.0
38.0
93.0
22.0
35.0
38.0
100.0
26.0
35.0
64.0
40.0
79.0
49.0
88.0
41.0
28.0
62.0
78.0
65.0
90.0
35.0
50.0
62.0
91.0
57.0
60.0
50.0
28.0
77.0
97.0
35.0
40.0
21.0
73.0
30.0
75.0
50.0
27.0
58.0
59.0
94.0
60.0
55.0
89.0
84.0
91.0
65.0
99.0
89.0
83.0
47.0
52.0
24.0
66.0
98.0
51.0
21.0
23.0
78.0
41.0
99.0
52.0
36.0
69.0
70.0
91.0
54.0
38.0
98.0
57.0
64.0
76.0
61.0
31.0
27.0
23.0
22.0
61.0
65.0
35.0
37.0
75.0
54.0
97.0
45.0
78.0
22.0
79.0
76.0
81.0
78.0
41.0
59.0
28.0
58.0
90.0
78.0
57.0
63.0
24.0
27.0
79.0
67.0
