u120_06
150.0 120 48
83.0
37.0
98.0
85.0
88.0
95.0
29.0
35.0
100.0
55.0
48.0
27.0
20.0
66.0
62.0
52.0
88.0
59.0
97.0
91.0
81.0
81.0
86.0
48.0
43.0
60.0
72.0
88.0
90.0
48.0
38.0
60.0
53.0
55.0
90.0
48.0
55.0
57.0
59.0
25.0
51.0
22.0
43.0
31.0
52.0
89.0
96.0
58.0
63.0
27.0
46.0
43.0
30.0
44.0
71.0
66.0
64.0
28.0
83.0
88.0
42.0
92.0
95.0
36.0
24.0
62.0
44.0
82.0
59.0
31.0
96.0
44.0
61.0
78.0
72.0
62.0
76.0
65.0
22.0
41.0
27.0
85.0
80.0
72.0
100.0
29.0
27.0
43.0
83.0
32.0
33.0
53.0
95.0
99.0
20.0
23.0
72.0
50.0
50.0
27.0
89.0
53.0
75.0
81.0
34.0
27.0
69.0
48.0
84.0
37.0
69.0
54.0
51.0
49.0
49.0
54.0
100.0
55.0
45.0
83.0
