u120_01
150.0 120 49
97.0
57.0
81.0
62.0
75.0
81.0
23.0
43.0
50.0
38.0
60.0
58.0
70.0
88.0
36.0
90.0
37.0
45.0
45.0
39.0
44.0
53.0
70.0
24.0
82.0
81.0
47.0
97.0
35.0
65.0
74.0
68.0
49.0
55.0
52.0
94.0
95.0
29.0
99.0
20.0
22.0
25.0
49.0
46.0
98.0
59.0
98.0
60.0
23.0
72.0
33.0
98.0
80.0
95.0
78.0
57.0
67.0
53.0
47.0
53.0
36.0
38.0
92.0
30.0
80.0
32.0
97.0
39.0
80.0
72.0
55.0
41.0
60.0
67.0
53.0
65.0
95.0
20.0
66.0
78.0
98.0
47.0
100.0
85.0
53.0
53.0
67.0
27.0
22.0
61.0
43.0
52.0
76.0
64.0
61.0
29.0
30.0
46.0
79.0
66.0
27.0
79.0
98.0
90.0
22.0
75.0
57.0
67.0
36.0
70.0
99.0
48.0
43.0
45.0
71.0
100.0
88.0
48.0
27.0
39.0
