u120_03
150.0 120 49
29.0
26.0
83.0
82.0
92.0
95.0
87.0
63.0
57.0
100.0
63.0
65.0
81.0
46.0
42.0
95.0
90.0
80.0
53.0
27.0
84.0
40.0
22.0
97.0
20.0
73.0
63.0
95.0
46.0
42.0
47.0
40.0
26.0
88.0
49.0
24.0
92.0
87.0
68.0
95.0
34.0
82.0
84.0
43.0
54.0
73.0
66.0
32.0
62.0
48.0
99.0
90.0
86.0
28.0
25.0
25.0
89.0
67.0
96.0
35.0
33.0
70.0
40.0
59.0
32.0
94.0
34.0
86.0
35.0
45.0
25.0
76.0
80.0
42.0
91.0
44.0
91.0
97.0
60.0
29.0
45.0
37.0
61.0
54.0
78.0
56.0
74.0
74.0
45.0
21.0
96.0
37.0
75.0
100.0
58.0
84.0
85.0
56.0
54.0
71.0
52.0
79.0
43.0
35.0
27.0
70.0
31.0
47.0
35.0
26.0
30.0
97.0
90.0
80.0
58.0
60.0
73.0
46.0
71.0
39.0
