u120_05
150.0 120 48
26.0
25.0
67.0
77.0
67.0
79.0
47.0
84.0
50.0
21.0
87.0
83.0
44.0
88.0
78.0
53.0
78.0
37.0
47.0
52.0
32.0
88.0
85.0
82.0
55.0
41.0
60.0
66.0
78.0
72.0
34.0
64.0
20.0
60.0
100.0
62.0
80.0
34.0
68.0
38.0
32.0
32.0
37.0
82.0
98.0
90.0
58.0
97.0
56.0
34.0
70.0
39.0
56.0
69.0
36.0
20.0
99.0
84.0
53.0
27.0
88.0
53.0
42.0
45.0
42.0
31.0
54.0
60.0
55.0
27.0
36.0
31.0
39.0
91.0
45.0
97.0
26.0
80.0
41.0
56.0
70.0
97.0
48.0
87.0
23.0
32.0
75.0
100.0
97.0
51.0
78.0
78.0
21.0
72.0
72.0
79.0
46.0
30.0
48.0
27.0
95.0
48.0
67.0
58.0
46.0
92.0
21.0
82.0
91.0
40.0
56.0
24.0
94.0
44.0
91.0
92.0
81.0
24.0
84.0
44.0
