u120_13
150.0 120 49
71.0
26.0
66.0
84.0
76.0
95.0
80.0
50.0
53.0
30.0
82.0
38.0
45.0
99.0
51.0
98.0
100.0
88.0
81.0
77.0
99.0
97.0
31.0
54.0
47.0
45.0
36.0
96.0
96.0
74.0
77.0
98.0
69.0
22.0
40.0
39.0
81.0
90.0
73.0
84.0
53.0
73.0
81.0
51.0
38.0
43.0
64.0
28.0
83.0
28.0
66.0
22.0
56.0
61.0
72.0
69.0
55.0
20.0
50.0
52.0
95.0
89.0
32.0
60.0
29.0
90.0
20.0
90.0
41.0
37.0
95.0
20.0
84.0
33.0
28.0
40.0
91.0
39.0
63.0
66.0
29.0
74.0
97.0
41.0
81.0
53.0
22.0
32.0
91.0
61.0
33.0
91.0
55.0
56.0
57.0
44.0
60.0
55.0
92.0
39.0
38.0
100.0
30.0
65.0
22.0
78.0
84.0
32.0
51.0
52.0
47.0
62.0
63.0
25.0
42.0
59.0
24.0
88.0
61.0
71.0
