u120_15
150.0 120 48
81.0
61.0
40.0
64.0
88.0
43.0
99.0
53.0
98.0
70.0
38.0
75.0
23.0
80.0
72.0
97.0
89.0
80.0
38.0
30.0
34.0
22.0
61.0
48.0
22.0
28.0
99.0
55.0
89.0
67.0
24.0
27.0
91.0
90.0
20.0
36.0
77.0
44.0
24.0
60.0
96.0
83.0
53.0
76.0
27.0
91.0
58.0
78.0
23.0
31.0
99.0
42.0
64.0
39.0
73.0
43.0
36.0
76.0
97.0
41.0
90.0
24.0
82.0
55.0
93.0
63.0
61.0
39.0
73.0
54.0
77.0
100.0
46.0
69.0
74.0
41.0
32.0
56.0
68.0
98.0
61.0
28.0
21.0
30.0
47.0
43.0
54.0
33.0
31.0
38.0
49.0
40.0
44.0
93.0
20.0
81.0
71.0
36.0
71.0
36.0
42.0
56.0
85.0
23.0
86.0
88.0
95.0
61.0
41.0
34.0
74.0
37.0
82.0
30.0
98.0
86.0
37.0
93.0
100.0
69.0
