u120_18
150.0 120 49
35.0
28.0
82.0
73.0
34.0
92.0
51.0
35.0
51.0
47.0
64.0
89.0
72.0
89.0
22.0
52.0
75.0
85.0
73.0
83.0
56.0
58.0
57.0
64.0
50.0
66.0
26.0
80.0
61.0
54.0
40.0
89.0
46.0
45.0
59.0
51.0
79.0
73.0
95.0
42.0
21.0
64.0
73.0
68.0
65.0
100.0
50.0
81.0
55.0
71.0
44.0
63.0
76.0
36.0
73.0
74.0
98.0
36.0
97.0
23.0
58.0
50.0
70.0
75.0
97.0
76.0
24.0
72.0
34.0
36.0
67.0
45.0
55.0
94.0
63.0
100.0
95.0
54.0
40.0
62.0
68.0
87.0
48.0
37.0
85.0
73.0
62.0
22.0
23.0
33.0
81.0
41.0
27.0
95.0
46.0
69.0
45.0
39.0
32.0
98.0
41.0
46.0
100.0
86.0
84.0
39.0
67.0
34.0
92.0
59.0
43.0
21.0
56.0
88.0
26.0
35.0
51.0
22.0
100.0
96.0
