u120_12
150.0 120 48
88.0
49.0
57.0
78.0
87.0
66.0
91.0
37.0
51.0
49.0
84.0
32.0
62.0
36.0
52.0
72.0
59.0
77.0
54.0
46.0
57.0
69.0
81.0
80.0
99.0
87.0
33.0
45.0
43.0
66.0
28.0
30.0
54.0
23.0
79.0
69.0
56.0
24.0
82.0
58.0
37.0
56.0
82.0
23.0
78.0
63.0
64.0
37.0
66.0
36.0
41.0
71.0
48.0
42.0
26.0
45.0
26.0
86.0
64.0
54.0
64.0
42.0
86.0
65.0
47.0
68.0
20.0
45.0
69.0
78.0
44.0
96.0
50.0
27.0
58.0
55.0
81.0
87.0
76.0
38.0
79.0
71.0
60.0
76.0
91.0
69.0
77.0
57.0
33.0
22.0
76.0
51.0
66.0
90.0
34.0
46.0
74.0
62.0
93.0
74.0
29.0
22.0
73.0
26.0
72.0
41.0
91.0
88.0
95.0
35.0
84.0
32.0
59.0
56.0
84.0
71.0
78.0
82.0
78.0
52.0
