u120_19
150.0 120 50
49.0
95.0
38.0
62.0
63.0
97.0
42.0
62.0
100.0
43.0
44.0
77.0
97.0
94.0
68.0
23.0
50.0
36.0
89.0
58.0
97.0
27.0
64.0
65.0
54.0
58.0
24.0
35.0
33.0
63.0
32.0
50.0
58.0
90.0
44.0
50.0
48.0
21.0
72.0
75.0
21.0
74.0
28.0
95.0
77.0
69.0
96.0
24.0
57.0
85.0
72.0
96.0
50.0
83.0
65.0
62.0
99.0
93.0
23.0
77.0
94.0
31.0
50.0
33.0
79.0
73.0
23.0
55.0
44.0
78.0
84.0
66.0
31.0
59.0
97.0
95.0
22.0
76.0
90.0
66.0
29.0
100.0
90.0
92.0
50.0
49.0
47.0
43.0
37.0
40.0
60.0
52.0
54.0
99.0
34.0
46.0
88.0
97.0
85.0
39.0
32.0
51.0
95.0
54.0
99.0
86.0
48.0
90.0
28.0
25.0
86.0
39.0
74.0
26.0
38.0
60.0
41.0
67.0
80.0
33.0
