u120_08
150.0 120 51
100.0
22.0
25.0
51.0
95.0
58.0
97.0
30.0
79.0
23.0
53.0
80.0
20.0
65.0
64.0
21.0
26.0
100.0
81.0
98.0
70.0
85.0
92.0
97.0
86.0
71.0
91.0
29.0
63.0
34.0
67.0
23.0
33.0
89.0
94.0
47.0
100.0
37.0
40.0
58.0
73.0
39.0
49.0
79.0
54.0
57.0
98.0
69.0
67.0
49.0
38.0
34.0
96.0
27.0
92.0
82.0
69.0
45.0
69.0
20.0
75.0
97.0
51.0
70.0
29.0
91.0
98.0
77.0
48.0
45.0
43.0
61.0
36.0
82.0
89.0
94.0
26.0
35.0
58.0
58.0
57.0
46.0
44.0
91.0
49.0
52.0
65.0
42.0
33.0
60.0
37.0
57.0
91.0
52.0
95.0
84.0
72.0
75.0
89.0
81.0
67.0
74.0
87.0
60.0
32.0
76.0
85.0
59.0
62.0
39.0
64.0
52.0
88.0
45.0
29.0
88.0
85.0
54.0
40.0
57.0
