u120_10
150.0 120 52
30.0
34.0
65.0
81.0
90.0
44.0
88.0
51.0
97.0
79.0
58.0
46.0
65.0
40.0
68.0
64.0
34.0
59.0
99.0
82.0
86.0
88.0
52.0
76.0
76.0
50.0
51.0
92.0
59.0
22.0
60.0
69.0
45.0
66.0
50.0
62.0
59.0
90.0
54.0
55.0
92.0
23.0
97.0
73.0
39.0
88.0
34.0
92.0
74.0
90.0
55.0
28.0
45.0
71.0
56.0
45.0
63.0
26.0
20.0
34.0
78.0
26.0
21.0
99.0
50.0
52.0
29.0
52.0
84.0
78.0
84.0
89.0
93.0
83.0
97.0
35.0
29.0
80.0
99.0
86.0
63.0
100.0
87.0
54.0
48.0
72.0
98.0
43.0
81.0
96.0
77.0
92.0
32.0
66.0
82.0
52.0
30.0
52.0
97.0
56.0
44.0
67.0
60.0
79.0
78.0
90.0
38.0
99.0
42.0
97.0
63.0
39.0
69.0
67.0
91.0
38.0
37.0
51.0
98.0
30.0
