u120_14
150.0 120 50
23.0
48.0
78.0
85.0
92.0
39.0
31.0
76.0
87.0
54.0
61.0
66.0
40.0
22.0
74.0
99.0
96.0
73.0
24.0
43.0
93.0
47.0
51.0
22.0
49.0
39.0
21.0
72.0
93.0
72.0
49.0
68.0
71.0
82.0
44.0
25.0
82.0
74.0
59.0
28.0
33.0
61.0
90.0
97.0
62.0
42.0
100.0
50.0
31.0
84.0
81.0
27.0
45.0
84.0
54.0
34.0
79.0
100.0
63.0
48.0
68.0
46.0
74.0
65.0
35.0
66.0
53.0
27.0
70.0
86.0
49.0
45.0
86.0
74.0
64.0
73.0
93.0
34.0
97.0
80.0
24.0
87.0
100.0
75.0
89.0
78.0
46.0
31.0
68.0
63.0
78.0
28.0
96.0
54.0
64.0
31.0
65.0
90.0
41.0
47.0
71.0
51.0
63.0
44.0
93.0
46.0
46.0
83.0
68.0
57.0
89.0
35.0
99.0
39.0
24.0
69.0
64.0
25.0
85.0
65.0
