u250_16
150.0 250 97
73.0
99.0
36.0
56.0
65.0
46.0
60.0
32.0
77.0
41.0
32.0
94.0
77.0
63.0
35.0
78.0
24.0
95.0
96.0
81.0
86.0
75.0
36.0
21.0
48.0
28.0
95.0
62.0
91.0
40.0
26.0
88.0
43.0
45.0
22.0
54.0
28.0
48.0
88.0
80.0
35.0
81.0
69.0
94.0
96.0
95.0
67.0
30.0
29.0
59.0
40.0
65.0
31.0
74.0
39.0
57.0
95.0
46.0
32.0
82.0
55.0
36.0
47.0
85.0
80.0
36.0
31.0
40.0
82.0
53.0
59.0
57.0
31.0
82.0
72.0
38.0
69.0
53.0
74.0
79.0
97.0
42.0
49.0
74.0
86.0
37.0
89.0
63.0
75.0
84.0
38.0
42.0
59.0
80.0
23.0
20.0
95.0
46.0
98.0
97.0
64.0
66.0
84.0
24.0
25.0
20.0
68.0
32.0
38.0
48.0
27.0
74.0
86.0
54.0
81.0
73.0
77.0
40.0
48.0
81.0
86.0
59.0
87.0
60.0
27.0
81.0
22.0
29.0
62.0
41.0
76.0
57.0
31.0
79.0
30.0
83.0
29.0
65.0
97.0
49.0
52.0
42.0
20.0
85.0
89.0
93.0
39.0
29.0
33.0
21.0
26.0
73.0
28.0
28.0
38.0
33.0
96.0
50.0
73.0
53.0
31.0
100.0
27.0
85.0
37.0
42.0
79.0
60.0
95.0
21.0
87.0
34.0
46.0
88.0
57.0
41.0
66.0
38.0
79.0
27.0
85.0
72.0
83.0
82.0
94.0
56.0
24.0
83.0
32.0
49.0
78.0
30.0
33.0
50.0
37.0
49.0
25.0
44.0
86.0
22.0
54.0
38.0
81.0
77.0
39.0
47.0
22.0
51.0
40.0
70.0
83.0
86.0
69.0
73.0
31.0
80.0
84.0
70.0
55.0
68.0
27.0
25.0
25.0
27.0
48.0
30.0
83.0
42.0
26.0
63.0
72.0
74.0
83.0
55.0
36.0
44.0
95.0
81.0
73.0
53.0
63.0
47.0
88.0
86.0
48.0
21.0
89.0
74.0
70.0
63.0
