u250_02
150.0 250 102
81.0
39.0
75.0
66.0
85.0
36.0
60.0
56.0
50.0
75.0
75.0
37.0
87.0
95.0
21.0
99.0
42.0
57.0
31.0
37.0
42.0
40.0
69.0
91.0
45.0
97.0
84.0
90.0
52.0
43.0
68.0
53.0
37.0
65.0
79.0
73.0
92.0
87.0
20.0
20.0
73.0
42.0
52.0
20.0
24.0
76.0
71.0
72.0
21.0
21.0
82.0
92.0
78.0
87.0
50.0
41.0
31.0
73.0
89.0
59.0
88.0
40.0
71.0
69.0
45.0
57.0
49.0
68.0
84.0
32.0
69.0
77.0
92.0
98.0
57.0
39.0
32.0
23.0
99.0
91.0
48.0
21.0
70.0
43.0
73.0
69.0
65.0
57.0
67.0
28.0
84.0
42.0
61.0
92.0
82.0
34.0
74.0
55.0
60.0
69.0
26.0
25.0
67.0
77.0
67.0
79.0
47.0
84.0
50.0
21.0
87.0
83.0
44.0
88.0
78.0
53.0
78.0
37.0
47.0
52.0
32.0
88.0
85.0
82.0
55.0
41.0
60.0
66.0
78.0
72.0
34.0
64.0
20.0
60.0
100.0
62.0
80.0
34.0
68.0
38.0
32.0
32.0
37.0
82.0
98.0
90.0
58.0
97.0
56.0
34.0
70.0
39.0
56.0
69.0
36.0
20.0
99.0
84.0
53.0
27.0
88.0
53.0
42.0
45.0
42.0
31.0
54.0
60.0
55.0
27.0
36.0
31.0
39.0
91.0
45.0
97.0
26.0
80.0
41.0
56.0
70.0
97.0
48.0
87.0
23.0
32.0
75.0
100.0
97.0
51.0
78.0
78.0
21.0
72.0
72.0
79.0
46.0
30.0
48.0
27.0
95.0
48.0
67.0
58.0
46.0
92.0
21.0
82.0
91.0
40.0
56.0
24.0
94.0
44.0
91.0
92.0
81.0
24.0
84.0
44.0
83.0
37.0
98.0
85.0
88.0
95.0
29.0
35.0
100.0
55.0
48.0
27.0
20.0
66.0
62.0
52.0
88.0
59.0
97.0
91.0
81.0
81.0
86.0
48.0
43.0
60.0
72.0
88.0
90.0
48.0
