u250_18
150.0 250 100
87.0
62.0
73.0
65.0
73.0
72.0
77.0
85.0
33.0
39.0
58.0
100.0
87.0
24.0
35.0
34.0
28.0
70.0
49.0
36.0
65.0
27.0
75.0
99.0
99.0
59.0
79.0
99.0
90.0
64.0
42.0
82.0
58.0
56.0
89.0
80.0
97.0
82.0
44.0
92.0
29.0
39.0
90.0
99.0
68.0
40.0
23.0
95.0
39.0
77.0
59.0
74.0
94.0
67.0
72.0
90.0
60.0
49.0
21.0
20.0
49.0
33.0
85.0
84.0
50.0
95.0
52.0
31.0
46.0
96.0
73.0
66.0
33.0
90.0
77.0
79.0
27.0
91.0
54.0
62.0
44.0
78.0
35.0
62.0
97.0
25.0
79.0
31.0
26.0
87.0
30.0
24.0
31.0
24.0
53.0
90.0
66.0
21.0
58.0
28.0
81.0
61.0
100.0
33.0
95.0
77.0
77.0
75.0
52.0
58.0
95.0
47.0
27.0
29.0
74.0
84.0
49.0
25.0
57.0
90.0
61.0
59.0
99.0
70.0
33.0
25.0
54.0
66.0
32.0
20.0
32.0
47.0
28.0
71.0
33.0
55.0
81.0
56.0
21.0
83.0
67.0
46.0
96.0
50.0
94.0
55.0
57.0
100.0
35.0
50.0
21.0
97.0
30.0
34.0
57.0
74.0
99.0
63.0
40.0
96.0
83.0
37.0
59.0
72.0
59.0
50.0
84.0
88.0
22.0
97.0
81.0
22.0
55.0
31.0
66.0
23.0
88.0
89.0
28.0
77.0
78.0
41.0
93.0
94.0
45.0
84.0
48.0
75.0
38.0
68.0
34.0
37.0
40.0
78.0
60.0
94.0
58.0
71.0
70.0
30.0
77.0
34.0
96.0
58.0
70.0
61.0
27.0
55.0
48.0
80.0
26.0
59.0
31.0
55.0
80.0
75.0
73.0
48.0
22.0
35.0
97.0
46.0
98.0
48.0
49.0
28.0
67.0
94.0
46.0
46.0
37.0
45.0
48.0
42.0
31.0
67.0
23.0
98.0
58.0
55.0
24.0
60.0
48.0
95.0
93.0
49.0
56.0
90.0
31.0
24.0
