u250_04
150.0 250 101
73.0
39.0
49.0
79.0
54.0
57.0
98.0
69.0
67.0
49.0
38.0
34.0
96.0
27.0
92.0
82.0
69.0
45.0
69.0
20.0
75.0
97.0
51.0
70.0
29.0
91.0
98.0
77.0
48.0
45.0
43.0
61.0
36.0
82.0
89.0
94.0
26.0
35.0
58.0
58.0
57.0
46.0
44.0
91.0
49.0
52.0
65.0
42.0
33.0
60.0
37.0
57.0
91.0
52.0
95.0
84.0
72.0
75.0
89.0
81.0
67.0
74.0
87.0
60.0
32.0
76.0
85.0
59.0
62.0
39.0
64.0
52.0
88.0
45.0
29.0
88.0
85.0
54.0
40.0
57.0
91.0
55.0
60.0
37.0
86.0
21.0
21.0
43.0
77.0
75.0
92.0
33.0
59.0
74.0
40.0
36.0
62.0
21.0
56.0
38.0
22.0
45.0
94.0
68.0
83.0
86.0
75.0
21.0
40.0
44.0
74.0
52.0
61.0
95.0
20.0
79.0
76.0
32.0
21.0
91.0
83.0
39.0
31.0
81.0
41.0
90.0
74.0
100.0
38.0
33.0
74.0
40.0
80.0
39.0
22.0
46.0
58.0
65.0
67.0
37.0
82.0
64.0
26.0
80.0
74.0
20.0
62.0
82.0
40.0
28.0
72.0
45.0
62.0
72.0
89.0
31.0
92.0
63.0
89.0
33.0
25.0
54.0
66.0
100.0
20.0
90.0
87.0
48.0
28.0
46.0
76.0
50.0
66.0
30.0
26.0
23.0
40.0
70.0
57.0
92.0
52.0
54.0
27.0
58.0
66.0
65.0
93.0
83.0
37.0
62.0
94.0
29.0
66.0
98.0
20.0
66.0
42.0
52.0
90.0
22.0
30.0
34.0
65.0
81.0
90.0
44.0
88.0
51.0
97.0
79.0
58.0
46.0
65.0
40.0
68.0
64.0
34.0
59.0
99.0
82.0
86.0
88.0
52.0
76.0
76.0
50.0
51.0
92.0
59.0
22.0
60.0
69.0
45.0
66.0
50.0
62.0
59.0
90.0
54.0
55.0
92.0
23.0
97.0
73.0
39.0
88.0
34.0
92.0
74.0
90.0
