u250_15
150.0 250 105
29.0
31.0
81.0
61.0
24.0
92.0
70.0
56.0
100.0
61.0
85.0
83.0
53.0
44.0
70.0
65.0
25.0
39.0
71.0
26.0
63.0
99.0
64.0
97.0
88.0
54.0
91.0
53.0
96.0
44.0
49.0
94.0
63.0
65.0
90.0
37.0
30.0
28.0
53.0
83.0
41.0
54.0
89.0
32.0
49.0
40.0
80.0
63.0
89.0
74.0
89.0
20.0
25.0
75.0
31.0
56.0
92.0
85.0
40.0
97.0
56.0
100.0
55.0
35.0
27.0
96.0
89.0
29.0
44.0
26.0
49.0
73.0
72.0
50.0
52.0
77.0
35.0
97.0
79.0
45.0
75.0
62.0
91.0
50.0
37.0
25.0
65.0
97.0
62.0
74.0
81.0
72.0
100.0
57.0
49.0
83.0
23.0
92.0
63.0
55.0
81.0
64.0
88.0
50.0
74.0
52.0
25.0
97.0
48.0
43.0
49.0
33.0
86.0
35.0
71.0
21.0
90.0
95.0
88.0
80.0
93.0
73.0
60.0
96.0
65.0
56.0
32.0
88.0
67.0
69.0
63.0
26.0
51.0
59.0
85.0
41.0
91.0
70.0
92.0
44.0
53.0
49.0
91.0
33.0
57.0
26.0
99.0
24.0
48.0
52.0
92.0
43.0
46.0
47.0
96.0
36.0
88.0
55.0
55.0
76.0
51.0
87.0
44.0
58.0
34.0
69.0
43.0
56.0
37.0
74.0
82.0
64.0
75.0
99.0
36.0
54.0
76.0
72.0
21.0
33.0
61.0
87.0
54.0
82.0
94.0
87.0
46.0
71.0
83.0
71.0
44.0
87.0
20.0
31.0
67.0
93.0
100.0
94.0
97.0
64.0
63.0
36.0
89.0
48.0
34.0
41.0
42.0
74.0
30.0
48.0
73.0
37.0
100.0
49.0
58.0
50.0
50.0
86.0
79.0
91.0
98.0
63.0
24.0
82.0
24.0
48.0
26.0
98.0
82.0
75.0
62.0
55.0
82.0
87.0
74.0
87.0
32.0
73.0
28.0
95.0
84.0
29.0
82.0
68.0
70.0
49.0
88.0
23.0
78.0
96.0
