u250_19
150.0 250 102
71.0
39.0
69.0
32.0
82.0
75.0
60.0
39.0
80.0
61.0
43.0
34.0
80.0
69.0
21.0
59.0
82.0
54.0
26.0
51.0
96.0
76.0
76.0
45.0
41.0
73.0
91.0
23.0
98.0
90.0
59.0
43.0
52.0
48.0
87.0
97.0
51.0
72.0
77.0
59.0
83.0
65.0
40.0
79.0
30.0
31.0
99.0
40.0
42.0
66.0
47.0
67.0
50.0
72.0
62.0
95.0
75.0
81.0
36.0
36.0
70.0
89.0
95.0
62.0
56.0
23.0
37.0
50.0
46.0
30.0
64.0
94.0
65.0
55.0
24.0
28.0
96.0
31.0
57.0
72.0
96.0
63.0
40.0
79.0
89.0
97.0
50.0
37.0
93.0
52.0
86.0
74.0
47.0
84.0
77.0
48.0
54.0
97.0
70.0
29.0
40.0
74.0
71.0
46.0
46.0
63.0
48.0
74.0
25.0
77.0
46.0
80.0
35.0
56.0
65.0
49.0
38.0
26.0
81.0
80.0
73.0
38.0
27.0
97.0
47.0
88.0
42.0
62.0
45.0
33.0
78.0
35.0
63.0
25.0
74.0
63.0
41.0
81.0
68.0
78.0
52.0
30.0
22.0
100.0
42.0
53.0
60.0
58.0
92.0
74.0
67.0
72.0
30.0
48.0
65.0
23.0
94.0
99.0
67.0
57.0
73.0
44.0
63.0
53.0
87.0
54.0
62.0
100.0
30.0
20.0
25.0
94.0
85.0
68.0
59.0
82.0
52.0
100.0
89.0
49.0
74.0
44.0
23.0
39.0
21.0
65.0
80.0
93.0
36.0
97.0
74.0
37.0
52.0
94.0
60.0
77.0
57.0
71.0
61.0
92.0
98.0
86.0
55.0
89.0
24.0
88.0
53.0
85.0
39.0
89.0
64.0
45.0
52.0
71.0
79.0
23.0
50.0
95.0
55.0
36.0
95.0
41.0
36.0
94.0
52.0
36.0
76.0
72.0
52.0
42.0
27.0
61.0
55.0
64.0
30.0
22.0
53.0
71.0
51.0
37.0
96.0
74.0
63.0
54.0
81.0
77.0
55.0
29.0
89.0
41.0
