u250_11
150.0 250 101
92.0
61.0
32.0
31.0
38.0
29.0
44.0
90.0
68.0
35.0
78.0
56.0
25.0
26.0
61.0
90.0
20.0
43.0
37.0
65.0
63.0
39.0
95.0
87.0
83.0
97.0
41.0
87.0
69.0
75.0
82.0
45.0
80.0
78.0
89.0
98.0
32.0
24.0
55.0
63.0
92.0
33.0
95.0
80.0
27.0
62.0
97.0
36.0
73.0
67.0
35.0
82.0
37.0
61.0
82.0
45.0
26.0
56.0
91.0
53.0
71.0
78.0
33.0
20.0
26.0
97.0
90.0
30.0
44.0
86.0
82.0
25.0
56.0
34.0
54.0
97.0
91.0
42.0
74.0
83.0
38.0
44.0
44.0
26.0
66.0
35.0
45.0
80.0
42.0
97.0
26.0
61.0
59.0
92.0
92.0
81.0
33.0
86.0
87.0
100.0
69.0
25.0
51.0
32.0
94.0
50.0
42.0
21.0
90.0
52.0
32.0
66.0
77.0
22.0
64.0
51.0
41.0
81.0
54.0
70.0
67.0
84.0
72.0
47.0
92.0
82.0
96.0
58.0
80.0
95.0
36.0
60.0
42.0
41.0
51.0
29.0
99.0
57.0
21.0
48.0
30.0
65.0
55.0
62.0
60.0
49.0
80.0
63.0
25.0
35.0
54.0
27.0
68.0
64.0
35.0
52.0
87.0
40.0
52.0
41.0
59.0
56.0
77.0
41.0
43.0
73.0
87.0
56.0
76.0
29.0
46.0
39.0
92.0
40.0
72.0
54.0
20.0
56.0
68.0
27.0
23.0
62.0
45.0
95.0
90.0
27.0
36.0
79.0
88.0
51.0
95.0
96.0
66.0
57.0
96.0
25.0
33.0
84.0
67.0
75.0
78.0
61.0
53.0
42.0
72.0
40.0
60.0
99.0
32.0
99.0
70.0
39.0
90.0
73.0
71.0
23.0
61.0
49.0
100.0
35.0
45.0
34.0
84.0
49.0
100.0
75.0
46.0
85.0
83.0
93.0
90.0
68.0
20.0
100.0
73.0
25.0
66.0
70.0
40.0
83.0
37.0
29.0
29.0
87.0
95.0
42.0
95.0
100.0
96.0
55.0
