u250_10
150.0 250 105
87.0
70.0
43.0
62.0
40.0
37.0
71.0
34.0
29.0
70.0
41.0
78.0
74.0
51.0
71.0
47.0
21.0
32.0
37.0
80.0
48.0
93.0
22.0
46.0
96.0
44.0
94.0
99.0
100.0
65.0
61.0
34.0
25.0
35.0
60.0
52.0
90.0
81.0
93.0
74.0
85.0
43.0
21.0
89.0
100.0
56.0
55.0
88.0
52.0
63.0
40.0
41.0
62.0
35.0
77.0
72.0
75.0
93.0
55.0
95.0
54.0
87.0
38.0
84.0
83.0
88.0
37.0
65.0
58.0
89.0
89.0
48.0
85.0
25.0
100.0
28.0
20.0
96.0
52.0
100.0
94.0
94.0
69.0
94.0
39.0
62.0
86.0
43.0
61.0
88.0
78.0
72.0
71.0
31.0
45.0
72.0
87.0
60.0
91.0
100.0
66.0
44.0
83.0
23.0
22.0
81.0
22.0
55.0
67.0
73.0
68.0
42.0
83.0
40.0
86.0
63.0
33.0
24.0
54.0
48.0
41.0
56.0
48.0
29.0
51.0
78.0
85.0
68.0
35.0
99.0
74.0
42.0
26.0
49.0
65.0
92.0
51.0
43.0
97.0
91.0
24.0
79.0
30.0
58.0
76.0
59.0
92.0
94.0
43.0
31.0
87.0
59.0
56.0
74.0
91.0
88.0
85.0
70.0
59.0
80.0
54.0
66.0
55.0
61.0
64.0
80.0
53.0
80.0
44.0
74.0
22.0
91.0
91.0
83.0
51.0
57.0
20.0
83.0
46.0
54.0
56.0
76.0
24.0
41.0
26.0
37.0
91.0
52.0
94.0
94.0
49.0
61.0
69.0
79.0
38.0
78.0
25.0
57.0
70.0
81.0
57.0
34.0
22.0
58.0
99.0
39.0
99.0
29.0
34.0
58.0
94.0
46.0
41.0
56.0
86.0
92.0
81.0
82.0
38.0
42.0
99.0
59.0
73.0
57.0
59.0
67.0
44.0
29.0
53.0
54.0
40.0
83.0
55.0
66.0
72.0
80.0
25.0
92.0
78.0
97.0
28.0
99.0
73.0
66.0
44.0
59.0
95.0
53.0
81.0
83.0
