u250_03
150.0 250 100
38.0
60.0
53.0
55.0
90.0
48.0
55.0
57.0
59.0
25.0
51.0
22.0
43.0
31.0
52.0
89.0
96.0
58.0
63.0
27.0
46.0
43.0
30.0
44.0
71.0
66.0
64.0
28.0
83.0
88.0
42.0
92.0
95.0
36.0
24.0
62.0
44.0
82.0
59.0
31.0
96.0
44.0
61.0
78.0
72.0
62.0
76.0
65.0
22.0
41.0
27.0
85.0
80.0
72.0
100.0
29.0
27.0
43.0
83.0
32.0
33.0
53.0
95.0
99.0
20.0
23.0
72.0
50.0
50.0
27.0
89.0
53.0
75.0
81.0
34.0
27.0
69.0
48.0
84.0
37.0
69.0
54.0
51.0
49.0
49.0
54.0
100.0
55.0
45.0
83.0
61.0
96.0
91.0
37.0
53.0
76.0
50.0
66.0
70.0
87.0
92.0
35.0
53.0
95.0
47.0
56.0
55.0
86.0
32.0
99.0
83.0
88.0
41.0
63.0
77.0
60.0
66.0
53.0
79.0
81.0
96.0
34.0
99.0
47.0
74.0
87.0
44.0
77.0
52.0
99.0
69.0
64.0
94.0
38.0
69.0
61.0
98.0
40.0
84.0
89.0
49.0
64.0
53.0
41.0
34.0
85.0
35.0
55.0
61.0
68.0
100.0
75.0
98.0
36.0
44.0
57.0
24.0
60.0
45.0
48.0
60.0
94.0
71.0
70.0
64.0
62.0
93.0
20.0
69.0
37.0
63.0
61.0
26.0
54.0
89.0
46.0
54.0
50.0
32.0
71.0
62.0
40.0
26.0
59.0
62.0
27.0
60.0
50.0
74.0
34.0
40.0
70.0
56.0
23.0
66.0
57.0
43.0
45.0
65.0
25.0
82.0
82.0
37.0
66.0
47.0
44.0
94.0
23.0
24.0
51.0
100.0
22.0
25.0
51.0
95.0
58.0
97.0
30.0
79.0
23.0
53.0
80.0
20.0
65.0
64.0
21.0
26.0
100.0
81.0
98.0
70.0
85.0
92.0
97.0
86.0
71.0
91.0
29.0
63.0
34.0
67.0
23.0
33.0
89.0
94.0
47.0
100.0
37.0
40.0
58.0
