u250_17
150.0 250 100
56.0
68.0
67.0
56.0
44.0
64.0
75.0
96.0
80.0
58.0
75.0
50.0
43.0
42.0
31.0
94.0
64.0
77.0
89.0
30.0
45.0
74.0
53.0
57.0
56.0
47.0
31.0
55.0
58.0
28.0
72.0
27.0
35.0
68.0
68.0
82.0
67.0
47.0
24.0
49.0
40.0
67.0
96.0
80.0
88.0
39.0
93.0
32.0
47.0
81.0
99.0
38.0
51.0
97.0
31.0
55.0
40.0
63.0
93.0
78.0
30.0
39.0
55.0
67.0
24.0
72.0
71.0
43.0
31.0
79.0
77.0
42.0
73.0
62.0
93.0
90.0
50.0
98.0
36.0
76.0
72.0
35.0
48.0
53.0
33.0
64.0
51.0
32.0
82.0
68.0
55.0
51.0
84.0
72.0
50.0
30.0
21.0
25.0
43.0
55.0
56.0
65.0
73.0
24.0
100.0
21.0
47.0
97.0
90.0
83.0
75.0
43.0
61.0
51.0
32.0
74.0
63.0
91.0
21.0
92.0
71.0
74.0
42.0
100.0
21.0
63.0
72.0
42.0
54.0
57.0
42.0
81.0
68.0
79.0
38.0
47.0
21.0
22.0
55.0
61.0
40.0
35.0
76.0
83.0
100.0
31.0
62.0
36.0
75.0
82.0
50.0
80.0
38.0
68.0
21.0
84.0
72.0
67.0
84.0
98.0
39.0
68.0
86.0
63.0
98.0
67.0
75.0
37.0
35.0
41.0
63.0
67.0
57.0
26.0
53.0
36.0
56.0
92.0
89.0
76.0
49.0
23.0
23.0
49.0
24.0
56.0
74.0
34.0
64.0
100.0
82.0
25.0
30.0
72.0
82.0
68.0
67.0
57.0
57.0
40.0
33.0
40.0
27.0
52.0
89.0
52.0
97.0
31.0
48.0
50.0
57.0
37.0
77.0
32.0
97.0
67.0
93.0
70.0
20.0
38.0
71.0
49.0
78.0
40.0
94.0
21.0
66.0
96.0
86.0
85.0
99.0
79.0
85.0
77.0
68.0
37.0
41.0
68.0
27.0
100.0
96.0
74.0
46.0
79.0
43.0
59.0
50.0
39.0
42.0
80.0
