u250_12
150.0 250 106
65.0
58.0
79.0
76.0
84.0
63.0
91.0
81.0
30.0
57.0
71.0
67.0
33.0
27.0
99.0
36.0
48.0
66.0
68.0
66.0
40.0
87.0
99.0
59.0
42.0
50.0
51.0
87.0
98.0
64.0
32.0
41.0
56.0
85.0
87.0
95.0
46.0
75.0
37.0
54.0
58.0
82.0
57.0
26.0
94.0
31.0
71.0
95.0
27.0
29.0
38.0
37.0
55.0
94.0
70.0
90.0
29.0
98.0
27.0
95.0
98.0
95.0
98.0
51.0
47.0
71.0
27.0
61.0
49.0
66.0
93.0
89.0
34.0
60.0
33.0
97.0
74.0
95.0
44.0
96.0
88.0
89.0
84.0
52.0
50.0
53.0
90.0
94.0
98.0
46.0
62.0
68.0
45.0
77.0
49.0
82.0
51.0
95.0
33.0
94.0
98.0
75.0
47.0
42.0
64.0
34.0
51.0
68.0
27.0
42.0
87.0
65.0
44.0
62.0
84.0
75.0
70.0
44.0
84.0
54.0
92.0
58.0
50.0
61.0
95.0
59.0
22.0
24.0
56.0
59.0
45.0
54.0
43.0
70.0
97.0
97.0
29.0
42.0
55.0
67.0
91.0
26.0
61.0
65.0
28.0
26.0
54.0
96.0
49.0
46.0
100.0
68.0
58.0
43.0
36.0
78.0
40.0
22.0
41.0
82.0
46.0
58.0
29.0
97.0
62.0
69.0
57.0
67.0
85.0
32.0
93.0
43.0
47.0
99.0
20.0
81.0
70.0
91.0
23.0
80.0
43.0
81.0
22.0
76.0
95.0
29.0
60.0
50.0
99.0
38.0
79.0
20.0
67.0
63.0
89.0
85.0
97.0
100.0
33.0
100.0
43.0
31.0
57.0
45.0
48.0
72.0
26.0
66.0
30.0
81.0
43.0
62.0
86.0
64.0
89.0
22.0
100.0
73.0
38.0
63.0
32.0
31.0
33.0
88.0
72.0
74.0
100.0
57.0
97.0
49.0
80.0
98.0
71.0
82.0
28.0
67.0
88.0
57.0
44.0
78.0
74.0
47.0
57.0
96.0
47.0
82.0
55.0
90.0
63.0
55.0
