u250_13
150.0 250 103
87.0
100.0
69.0
94.0
71.0
91.0
74.0
76.0
68.0
82.0
96.0
85.0
96.0
85.0
79.0
71.0
56.0
86.0
46.0
55.0
44.0
35.0
29.0
42.0
65.0
49.0
82.0
73.0
70.0
63.0
94.0
63.0
71.0
86.0
27.0
93.0
80.0
42.0
45.0
93.0
69.0
76.0
61.0
29.0
81.0
46.0
42.0
74.0
45.0
88.0
96.0
40.0
31.0
47.0
82.0
60.0
43.0
20.0
80.0
69.0
46.0
90.0
34.0
81.0
59.0
43.0
61.0
28.0
56.0
32.0
90.0
60.0
66.0
70.0
77.0
43.0
92.0
85.0
45.0
74.0
40.0
51.0
48.0
30.0
41.0
63.0
71.0
43.0
24.0
91.0
48.0
65.0
41.0
34.0
47.0
88.0
73.0
57.0
50.0
68.0
80.0
34.0
70.0
96.0
80.0
26.0
77.0
53.0
82.0
78.0
74.0
87.0
69.0
97.0
87.0
64.0
31.0
77.0
25.0
60.0
20.0
66.0
48.0
80.0
77.0
90.0
69.0
61.0
93.0
41.0
35.0
28.0
68.0
59.0
27.0
34.0
24.0
56.0
42.0
29.0
52.0
42.0
27.0
83.0
78.0
40.0
37.0
21.0
77.0
43.0
45.0
76.0
53.0
36.0
61.0
52.0
53.0
41.0
76.0
83.0
49.0
38.0
71.0
64.0
89.0
48.0
32.0
69.0
80.0
88.0
41.0
46.0
37.0
60.0
63.0
20.0
47.0
40.0
93.0
46.0
84.0
77.0
92.0
51.0
87.0
49.0
75.0
58.0
61.0
83.0
53.0
22.0
79.0
80.0
92.0
96.0
49.0
53.0
22.0
50.0
71.0
73.0
66.0
23.0
70.0
76.0
93.0
46.0
39.0
40.0
93.0
41.0
36.0
60.0
35.0
25.0
99.0
79.0
52.0
22.0
66.0
44.0
68.0
73.0
60.0
56.0
76.0
95.0
95.0
53.0
37.0
68.0
87.0
20.0
38.0
95.0
95.0
86.0
47.0
68.0
66.0
37.0
44.0
47.0
77.0
26.0
90.0
97.0
86.0
57.0
