u500_04
150.0 500 206
68.0
90.0
38.0
98.0
44.0
66.0
76.0
67.0
65.0
81.0
95.0
62.0
34.0
33.0
56.0
75.0
40.0
72.0
49.0
95.0
59.0
40.0
53.0
27.0
70.0
27.0
72.0
92.0
79.0
66.0
92.0
47.0
87.0
32.0
51.0
94.0
22.0
79.0
75.0
70.0
58.0
85.0
37.0
68.0
69.0
47.0
63.0
37.0
53.0
90.0
85.0
88.0
68.0
100.0
86.0
93.0
26.0
44.0
77.0
72.0
46.0
58.0
44.0
49.0
100.0
72.0
76.0
74.0
78.0
30.0
79.0
30.0
88.0
29.0
70.0
69.0
26.0
53.0
86.0
48.0
55.0
30.0
95.0
22.0
79.0
94.0
54.0
43.0
84.0
51.0
80.0
90.0
61.0
43.0
71.0
72.0
82.0
83.0
91.0
56.0
42.0
45.0
80.0
73.0
62.0
95.0
53.0
40.0
42.0
63.0
80.0
79.0
86.0
59.0
22.0
62.0
72.0
51.0
60.0
55.0
56.0
92.0
56.0
55.0
51.0
34.0
100.0
89.0
64.0
99.0
87.0
74.0
38.0
28.0
50.0
86.0
92.0
98.0
30.0
30.0
89.0
51.0
65.0
31.0
60.0
85.0
79.0
39.0
27.0
61.0
84.0
41.0
53.0
77.0
77.0
94.0
86.0
91.0
49.0
47.0
35.0
28.0
82.0
73.0
34.0
92.0
51.0
35.0
51.0
47.0
64.0
89.0
72.0
89.0
22.0
52.0
75.0
85.0
73.0
83.0
56.0
58.0
57.0
64.0
50.0
66.0
26.0
80.0
61.0
54.0
40.0
89.0
46.0
45.0
59.0
51.0
79.0
73.0
95.0
42.0
21.0
64.0
73.0
68.0
65.0
100.0
50.0
81.0
55.0
71.0
44.0
63.0
76.0
36.0
73.0
74.0
98.0
36.0
97.0
23.0
58.0
50.0
70.0
75.0
97.0
76.0
24.0
72.0
34.0
36.0
67.0
45.0
55.0
94.0
63.0
100.0
95.0
54.0
40.0
62.0
68.0
87.0
48.0
37.0
85.0
73.0
62.0
22.0
23.0
33.0
81.0
41.0
27.0
95.0
46.0
69.0
45.0
39.0
32.0
98.0
41.0
46.0
100.0
86.0
84.0
39.0
67.0
34.0
92.0
59.0
43.0
21.0
56.0
88.0
26.0
35.0
51.0
22.0
100.0
96.0
49.0
95.0
38.0
62.0
63.0
97.0
42.0
62.0
100.0
43.0
44.0
77.0
97.0
94.0
68.0
23.0
50.0
36.0
89.0
58.0
97.0
27.0
64.0
65.0
54.0
58.0
24.0
35.0
33.0
63.0
32.0
50.0
58.0
90.0
44.0
50.0
48.0
21.0
72.0
75.0
21.0
74.0
28.0
95.0
77.0
69.0
96.0
24.0
57.0
85.0
72.0
96.0
50.0
83.0
65.0
62.0
99.0
93.0
23.0
77.0
94.0
31.0
50.0
33.0
79.0
73.0
23.0
55.0
44.0
78.0
84.0
66.0
31.0
59.0
97.0
95.0
22.0
76.0
90.0
66.0
29.0
100.0
90.0
92.0
50.0
49.0
47.0
43.0
37.0
40.0
60.0
52.0
54.0
99.0
34.0
46.0
88.0
97.0
85.0
39.0
32.0
51.0
95.0
54.0
99.0
86.0
48.0
90.0
28.0
25.0
86.0
39.0
74.0
26.0
38.0
60.0
41.0
67.0
80.0
33.0
37.0
62.0
71.0
87.0
31.0
72.0
84.0
84.0
53.0
85.0
32.0
24.0
88.0
54.0
28.0
36.0
91.0
61.0
29.0
68.0
69.0
35.0
30.0
88.0
85.0
87.0
70.0
70.0
59.0
26.0
73.0
27.0
44.0
27.0
35.0
38.0
65.0
21.0
69.0
59.0
35.0
70.0
40.0
84.0
42.0
92.0
24.0
46.0
78.0
60.0
76.0
43.0
49.0
79.0
65.0
24.0
28.0
43.0
26.0
93.0
62.0
91.0
21.0
21.0
32.0
34.0
86.0
27.0
79.0
34.0
88.0
93.0
58.0
77.0
62.0
87.0
99.0
61.0
83.0
75.0
99.0
93.0
39.0
85.0
31.0
69.0
48.0
67.0
50.0
24.0
49.0
82.0
97.0
86.0
21.0
86.0
41.0
100.0
84.0
77.0
