u500_10
150.0 500 200
36.0
76.0
68.0
31.0
48.0
56.0
67.0
48.0
32.0
46.0
89.0
40.0
48.0
39.0
63.0
74.0
54.0
80.0
26.0
40.0
74.0
99.0
70.0
66.0
89.0
79.0
20.0
87.0
94.0
76.0
90.0
84.0
25.0
93.0
88.0
28.0
50.0
77.0
82.0
96.0
80.0
82.0
83.0
39.0
50.0
35.0
38.0
40.0
91.0
84.0
74.0
96.0
25.0
70.0
38.0
77.0
35.0
71.0
31.0
98.0
73.0
31.0
51.0
34.0
35.0
40.0
68.0
100.0
33.0
52.0
73.0
39.0
30.0
82.0
40.0
32.0
88.0
58.0
62.0
79.0
22.0
45.0
91.0
69.0
61.0
83.0
49.0
87.0
33.0
54.0
97.0
100.0
28.0
61.0
53.0
80.0
81.0
68.0
93.0
87.0
72.0
31.0
61.0
53.0
42.0
24.0
71.0
75.0
25.0
59.0
40.0
70.0
67.0
43.0
72.0
91.0
55.0
82.0
96.0
28.0
68.0
46.0
45.0
95.0
83.0
100.0
39.0
40.0
35.0
72.0
28.0
58.0
91.0
95.0
61.0
72.0
65.0
47.0
53.0
45.0
84.0
80.0
85.0
99.0
67.0
39.0
72.0
83.0
56.0
27.0
86.0
45.0
50.0
52.0
90.0
70.0
52.0
45.0
81.0
23.0
38.0
60.0
31.0
58.0
51.0
74.0
42.0
79.0
22.0
28.0
52.0
34.0
67.0
85.0
57.0
49.0
24.0
90.0
75.0
60.0
32.0
84.0
89.0
71.0
92.0
69.0
57.0
35.0
70.0
57.0
32.0
48.0
94.0
79.0
37.0
77.0
49.0
72.0
89.0
91.0
42.0
82.0
52.0
46.0
46.0
96.0
97.0
87.0
73.0
55.0
89.0
67.0
43.0
28.0
91.0
88.0
74.0
49.0
71.0
20.0
37.0
20.0
41.0
98.0
41.0
36.0
82.0
87.0
23.0
31.0
86.0
92.0
23.0
31.0
71.0
100.0
34.0
27.0
24.0
54.0
21.0
60.0
87.0
77.0
24.0
100.0
35.0
76.0
90.0
87.0
64.0
37.0
69.0
74.0
76.0
89.0
53.0
76.0
86.0
72.0
88.0
62.0
73.0
100.0
61.0
57.0
55.0
76.0
41.0
45.0
93.0
42.0
21.0
68.0
68.0
56.0
56.0
47.0
95.0
23.0
68.0
77.0
40.0
74.0
79.0
88.0
69.0
82.0
56.0
89.0
80.0
49.0
24.0
57.0
40.0
20.0
24.0
77.0
47.0
75.0
47.0
39.0
27.0
63.0
93.0
64.0
84.0
63.0
85.0
52.0
41.0
28.0
72.0
63.0
46.0
24.0
71.0
22.0
67.0
28.0
46.0
47.0
64.0
54.0
78.0
32.0
63.0
82.0
25.0
97.0
66.0
66.0
38.0
37.0
33.0
78.0
76.0
35.0
49.0
68.0
34.0
99.0
90.0
82.0
41.0
81.0
67.0
82.0
50.0
46.0
75.0
85.0
38.0
62.0
51.0
98.0
92.0
56.0
91.0
67.0
26.0
67.0
26.0
71.0
81.0
74.0
36.0
70.0
48.0
27.0
42.0
94.0
39.0
54.0
82.0
49.0
58.0
27.0
33.0
26.0
32.0
23.0
52.0
74.0
35.0
46.0
37.0
57.0
37.0
90.0
20.0
40.0
29.0
43.0
23.0
58.0
99.0
83.0
73.0
38.0
21.0
47.0
84.0
22.0
63.0
93.0
61.0
74.0
73.0
48.0
42.0
52.0
77.0
31.0
76.0
33.0
28.0
54.0
71.0
66.0
93.0
69.0
78.0
37.0
93.0
43.0
44.0
51.0
96.0
44.0
94.0
91.0
84.0
49.0
98.0
46.0
57.0
27.0
65.0
30.0
20.0
29.0
51.0
99.0
97.0
74.0
98.0
37.0
38.0
21.0
56.0
91.0
42.0
49.0
39.0
44.0
26.0
66.0
55.0
63.0
76.0
22.0
54.0
31.0
20.0
63.0
50.0
55.0
83.0
89.0
89.0
63.0
98.0
86.0
67.0
85.0
81.0
45.0
64.0
44.0
23.0
25.0
77.0
62.0
34.0
72.0
77.0
91.0
62.0
25.0
72.0
38.0
24.0
25.0
98.0
84.0
54.0
20.0
58.0
38.0
