u500_18
150.0 500 202
42.0
100.0
22.0
21.0
56.0
78.0
89.0
36.0
93.0
60.0
70.0
30.0
89.0
48.0
71.0
55.0
99.0
40.0
84.0
74.0
95.0
73.0
86.0
36.0
85.0
91.0
47.0
63.0
44.0
87.0
83.0
56.0
57.0
86.0
46.0
69.0
75.0
97.0
59.0
93.0
45.0
64.0
49.0
92.0
86.0
70.0
75.0
43.0
94.0
52.0
87.0
70.0
77.0
21.0
86.0
86.0
46.0
27.0
30.0
38.0
96.0
66.0
99.0
90.0
87.0
28.0
99.0
26.0
45.0
92.0
59.0
70.0
77.0
39.0
38.0
76.0
46.0
43.0
98.0
95.0
52.0
76.0
40.0
27.0
22.0
58.0
47.0
35.0
93.0
51.0
86.0
78.0
64.0
83.0
43.0
61.0
23.0
55.0
95.0
32.0
24.0
83.0
42.0
54.0
69.0
25.0
62.0
48.0
20.0
40.0
99.0
44.0
39.0
22.0
92.0
20.0
75.0
54.0
49.0
53.0
60.0
85.0
43.0
83.0
98.0
32.0
44.0
68.0
66.0
52.0
86.0
95.0
77.0
67.0
70.0
21.0
89.0
24.0
27.0
26.0
96.0
63.0
82.0
88.0
22.0
24.0
84.0
59.0
54.0
54.0
22.0
74.0
90.0
79.0
66.0
94.0
68.0
67.0
55.0
53.0
30.0
97.0
66.0
33.0
26.0
95.0
88.0
66.0
72.0
23.0
28.0
40.0
41.0
93.0
76.0
31.0
34.0
97.0
76.0
58.0
76.0
69.0
82.0
40.0
28.0
22.0
46.0
20.0
91.0
68.0
71.0
73.0
85.0
93.0
83.0
88.0
27.0
69.0
29.0
45.0
56.0
85.0
50.0
29.0
89.0
74.0
74.0
28.0
97.0
45.0
23.0
74.0
96.0
87.0
22.0
39.0
65.0
43.0
100.0
63.0
55.0
50.0
85.0
34.0
29.0
60.0
77.0
52.0
48.0
93.0
34.0
57.0
68.0
51.0
54.0
66.0
99.0
45.0
29.0
90.0
59.0
58.0
55.0
59.0
38.0
22.0
82.0
59.0
23.0
34.0
81.0
90.0
91.0
79.0
38.0
76.0
40.0
47.0
85.0
50.0
50.0
92.0
25.0
77.0
76.0
95.0
58.0
91.0
66.0
55.0
80.0
93.0
33.0
84.0
38.0
39.0
76.0
85.0
81.0
27.0
66.0
67.0
51.0
30.0
54.0
22.0
75.0
67.0
85.0
98.0
89.0
72.0
93.0
82.0
53.0
85.0
40.0
82.0
56.0
100.0
32.0
48.0
88.0
50.0
80.0
56.0
60.0
86.0
64.0
88.0
49.0
94.0
23.0
57.0
95.0
34.0
49.0
93.0
51.0
30.0
76.0
79.0
73.0
83.0
27.0
86.0
38.0
28.0
27.0
82.0
21.0
31.0
84.0
52.0
71.0
79.0
44.0
24.0
97.0
21.0
69.0
29.0
84.0
77.0
76.0
62.0
31.0
74.0
26.0
66.0
68.0
36.0
32.0
57.0
52.0
37.0
48.0
97.0
20.0
43.0
89.0
64.0
61.0
95.0
77.0
79.0
42.0
76.0
78.0
26.0
64.0
93.0
77.0
67.0
87.0
40.0
65.0
50.0
95.0
94.0
57.0
53.0
51.0
25.0
41.0
84.0
88.0
69.0
24.0
80.0
34.0
32.0
56.0
42.0
95.0
63.0
21.0
53.0
52.0
45.0
39.0
54.0
58.0
73.0
41.0
91.0
65.0
88.0
61.0
28.0
57.0
33.0
29.0
55.0
45.0
77.0
55.0
86.0
60.0
46.0
33.0
23.0
35.0
66.0
81.0
52.0
28.0
26.0
71.0
83.0
61.0
35.0
56.0
44.0
67.0
56.0
90.0
47.0
33.0
88.0
84.0
32.0
27.0
48.0
28.0
83.0
62.0
52.0
45.0
65.0
65.0
31.0
42.0
25.0
43.0
43.0
42.0
85.0
50.0
46.0
58.0
51.0
74.0
59.0
79.0
55.0
51.0
21.0
65.0
91.0
33.0
100.0
91.0
39.0
87.0
28.0
70.0
37.0
57.0
31.0
65.0
81.0
61.0
52.0
22.0
95.0
90.0
42.0
67.0
39.0
57.0
90.0
53.0
45.0
91.0
94.0
84.0
46.0
78.0
55.0
