u500_15
150.0 500 201
77.0
34.0
89.0
26.0
27.0
50.0
36.0
44.0
87.0
37.0
71.0
26.0
50.0
47.0
70.0
91.0
76.0
99.0
21.0
32.0
81.0
51.0
45.0
63.0
90.0
35.0
38.0
82.0
55.0
48.0
52.0
42.0
84.0
74.0
75.0
80.0
43.0
29.0
82.0
77.0
43.0
93.0
75.0
46.0
45.0
61.0
88.0
28.0
70.0
96.0
98.0
33.0
56.0
34.0
49.0
74.0
67.0
63.0
42.0
68.0
93.0
29.0
27.0
30.0
50.0
89.0
26.0
36.0
71.0
32.0
28.0
49.0
83.0
52.0
55.0
81.0
83.0
25.0
42.0
56.0
88.0
42.0
91.0
48.0
54.0
42.0
74.0
88.0
72.0
30.0
61.0
20.0
61.0
22.0
44.0
89.0
55.0
54.0
33.0
54.0
79.0
32.0
89.0
74.0
37.0
56.0
60.0
34.0
75.0
62.0
68.0
84.0
58.0
34.0
33.0
37.0
75.0
51.0
61.0
91.0
79.0
38.0
34.0
64.0
85.0
83.0
75.0
32.0
31.0
35.0
56.0
45.0
24.0
82.0
51.0
42.0
63.0
69.0
74.0
85.0
35.0
43.0
49.0
47.0
26.0
68.0
99.0
32.0
70.0
62.0
89.0
81.0
65.0
56.0
57.0
73.0
67.0
61.0
21.0
35.0
31.0
74.0
50.0
87.0
81.0
98.0
46.0
76.0
39.0
51.0
24.0
57.0
87.0
26.0
36.0
98.0
56.0
66.0
61.0
31.0
46.0
71.0
88.0
48.0
58.0
47.0
51.0
93.0
64.0
29.0
93.0
72.0
82.0
61.0
90.0
93.0
59.0
68.0
50.0
65.0
100.0
63.0
40.0
51.0
50.0
74.0
63.0
56.0
51.0
89.0
97.0
69.0
87.0
24.0
89.0
42.0
86.0
55.0
29.0
87.0
33.0
21.0
22.0
85.0
42.0
98.0
46.0
68.0
28.0
63.0
66.0
89.0
90.0
58.0
48.0
88.0
66.0
62.0
99.0
80.0
79.0
82.0
52.0
71.0
52.0
21.0
20.0
45.0
70.0
87.0
35.0
56.0
88.0
59.0
89.0
42.0
30.0
98.0
65.0
88.0
88.0
88.0
22.0
48.0
77.0
69.0
83.0
78.0
93.0
70.0
85.0
65.0
100.0
44.0
93.0
71.0
38.0
29.0
28.0
72.0
49.0
55.0
64.0
52.0
75.0
68.0
65.0
55.0
43.0
69.0
89.0
34.0
85.0
73.0
38.0
20.0
41.0
79.0
63.0
82.0
34.0
45.0
63.0
53.0
34.0
65.0
98.0
78.0
40.0
91.0
23.0
69.0
32.0
79.0
69.0
80.0
35.0
100.0
98.0
56.0
93.0
100.0
55.0
27.0
42.0
90.0
75.0
69.0
24.0
100.0
66.0
55.0
64.0
91.0
44.0
65.0
92.0
50.0
63.0
88.0
86.0
35.0
67.0
89.0
83.0
87.0
85.0
65.0
78.0
59.0
72.0
77.0
26.0
23.0
64.0
37.0
25.0
87.0
37.0
76.0
57.0
57.0
33.0
20.0
63.0
90.0
66.0
27.0
53.0
25.0
26.0
67.0
57.0
45.0
32.0
49.0
53.0
95.0
56.0
21.0
89.0
21.0
46.0
88.0
30.0
78.0
79.0
24.0
30.0
85.0
43.0
59.0
67.0
30.0
78.0
52.0
92.0
44.0
95.0
39.0
90.0
77.0
90.0
65.0
38.0
98.0
80.0
78.0
20.0
99.0
46.0
36.0
71.0
73.0
62.0
48.0
36.0
66.0
75.0
34.0
93.0
53.0
32.0
35.0
69.0
39.0
96.0
57.0
42.0
71.0
76.0
31.0
81.0
22.0
47.0
42.0
48.0
31.0
80.0
55.0
52.0
21.0
80.0
44.0
83.0
71.0
43.0
91.0
88.0
96.0
48.0
77.0
66.0
29.0
77.0
60.0
75.0
70.0
65.0
30.0
76.0
71.0
55.0
67.0
56.0
88.0
78.0
54.0
58.0
51.0
28.0
73.0
32.0
77.0
45.0
53.0
21.0
91.0
30.0
50.0
57.0
37.0
87.0
39.0
33.0
49.0
99.0
69.0
74.0
85.0
46.0
85.0
51.0
61.0
40.0
32.0
52.0
68.0
74.0
63.0
