u500_00
150.0 500 198
42.0
69.0
67.0
57.0
93.0
90.0
38.0
36.0
45.0
42.0
33.0
79.0
27.0
57.0
44.0
84.0
86.0
92.0
46.0
38.0
85.0
33.0
82.0
73.0
49.0
70.0
59.0
23.0
57.0
72.0
74.0
69.0
33.0
42.0
28.0
46.0
30.0
64.0
29.0
74.0
41.0
49.0
55.0
98.0
80.0
32.0
25.0
38.0
82.0
30.0
35.0
39.0
57.0
84.0
62.0
50.0
55.0
27.0
30.0
36.0
20.0
78.0
47.0
26.0
45.0
41.0
58.0
98.0
91.0
96.0
73.0
84.0
37.0
93.0
91.0
43.0
73.0
85.0
81.0
79.0
71.0
80.0
76.0
83.0
41.0
78.0
70.0
23.0
42.0
87.0
43.0
84.0
60.0
55.0
49.0
78.0
73.0
62.0
36.0
44.0
94.0
69.0
32.0
96.0
70.0
84.0
58.0
78.0
25.0
80.0
58.0
66.0
83.0
24.0
98.0
60.0
42.0
43.0
43.0
39.0
97.0
57.0
81.0
62.0
75.0
81.0
23.0
43.0
50.0
38.0
60.0
58.0
70.0
88.0
36.0
90.0
37.0
45.0
45.0
39.0
44.0
53.0
70.0
24.0
82.0
81.0
47.0
97.0
35.0
65.0
74.0
68.0
49.0
55.0
52.0
94.0
95.0
29.0
99.0
20.0
22.0
25.0
49.0
46.0
98.0
59.0
98.0
60.0
23.0
72.0
33.0
98.0
80.0
95.0
78.0
57.0
67.0
53.0
47.0
53.0
36.0
38.0
92.0
30.0
80.0
32.0
97.0
39.0
80.0
72.0
55.0
41.0
60.0
67.0
53.0
65.0
95.0
20.0
66.0
78.0
98.0
47.0
100.0
85.0
53.0
53.0
67.0
27.0
22.0
61.0
43.0
52.0
76.0
64.0
61.0
29.0
30.0
46.0
79.0
66.0
27.0
79.0
98.0
90.0
22.0
75.0
57.0
67.0
36.0
70.0
99.0
48.0
43.0
45.0
71.0
100.0
88.0
48.0
27.0
39.0
38.0
100.0
60.0
42.0
20.0
69.0
24.0
23.0
92.0
32.0
84.0
36.0
65.0
84.0
34.0
68.0
64.0
33.0
69.0
27.0
47.0
21.0
85.0
88.0
59.0
61.0
50.0
53.0
37.0
75.0
64.0
84.0
74.0
57.0
83.0
28.0
31.0
97.0
61.0
36.0
46.0
37.0
96.0
80.0
53.0
51.0
68.0
90.0
64.0
81.0
66.0
67.0
80.0
37.0
92.0
67.0
64.0
31.0
94.0
45.0
80.0
28.0
76.0
29.0
64.0
38.0
48.0
40.0
29.0
44.0
81.0
35.0
51.0
48.0
67.0
24.0
46.0
38.0
76.0
22.0
30.0
67.0
45.0
41.0
29.0
41.0
79.0
21.0
25.0
90.0
62.0
34.0
73.0
50.0
79.0
66.0
59.0
42.0
90.0
79.0
70.0
66.0
80.0
35.0
62.0
98.0
97.0
37.0
32.0
75.0
91.0
91.0
48.0
26.0
23.0
32.0
100.0
46.0
29.0
26.0
29.0
26.0
83.0
82.0
92.0
95.0
87.0
63.0
57.0
100.0
63.0
65.0
81.0
46.0
42.0
95.0
90.0
80.0
53.0
27.0
84.0
40.0
22.0
97.0
20.0
73.0
63.0
95.0
46.0
42.0
47.0
40.0
26.0
88.0
49.0
24.0
92.0
87.0
68.0
95.0
34.0
82.0
84.0
43.0
54.0
73.0
66.0
32.0
62.0
48.0
99.0
90.0
86.0
28.0
25.0
25.0
89.0
67.0
96.0
35.0
33.0
70.0
40.0
59.0
32.0
94.0
34.0
86.0
35.0
45.0
25.0
76.0
80.0
42.0
91.0
44.0
91.0
97.0
60.0
29.0
45.0
37.0
61.0
54.0
78.0
56.0
74.0
74.0
45.0
21.0
96.0
37.0
75.0
100.0
58.0
84.0
85.0
56.0
54.0
71.0
52.0
79.0
43.0
35.0
27.0
70.0
31.0
47.0
35.0
26.0
30.0
97.0
90.0
80.0
58.0
60.0
73.0
46.0
71.0
39.0
42.0
98.0
27.0
21.0
71.0
71.0
78.0
76.0
57.0
24.0
91.0
84.0
35.0
25.0
77.0
96.0
97.0
89.0
30.0
86.0
