u500_13
150.0 500 196
88.0
24.0
89.0
54.0
78.0
70.0
93.0
87.0
43.0
45.0
22.0
53.0
29.0
30.0
95.0
28.0
58.0
56.0
84.0
68.0
30.0
27.0
80.0
79.0
68.0
52.0
59.0
64.0
58.0
36.0
50.0
94.0
55.0
88.0
45.0
32.0
37.0
62.0
20.0
68.0
67.0
53.0
45.0
96.0
29.0
100.0
25.0
36.0
50.0
60.0
53.0
39.0
77.0
91.0
55.0
22.0
80.0
72.0
56.0
62.0
90.0
30.0
60.0
100.0
41.0
61.0
86.0
96.0
92.0
71.0
35.0
34.0
28.0
44.0
58.0
21.0
88.0
35.0
62.0
35.0
47.0
100.0
21.0
63.0
22.0
49.0
46.0
54.0
38.0
38.0
76.0
78.0
43.0
39.0
84.0
48.0
100.0
38.0
25.0
78.0
86.0
28.0
22.0
68.0
64.0
54.0
21.0
66.0
75.0
97.0
35.0
40.0
85.0
91.0
83.0
40.0
42.0
89.0
51.0
30.0
83.0
20.0
21.0
25.0
20.0
60.0
79.0
31.0
91.0
76.0
41.0
64.0
87.0
62.0
95.0
36.0
22.0
74.0
58.0
65.0
50.0
73.0
70.0
49.0
85.0
36.0
48.0
66.0
96.0
77.0
50.0
64.0
66.0
65.0
61.0
57.0
79.0
52.0
22.0
69.0
36.0
50.0
61.0
93.0
23.0
54.0
91.0
62.0
91.0
82.0
37.0
56.0
99.0
80.0
29.0
69.0
57.0
84.0
47.0
93.0
94.0
25.0
69.0
93.0
96.0
72.0
87.0
96.0
94.0
40.0
61.0
87.0
85.0
85.0
92.0
90.0
24.0
24.0
69.0
57.0
92.0
55.0
30.0
37.0
57.0
98.0
74.0
25.0
52.0
93.0
40.0
56.0
46.0
21.0
40.0
36.0
79.0
60.0
76.0
61.0
90.0
44.0
44.0
37.0
81.0
77.0
95.0
22.0
69.0
45.0
26.0
63.0
100.0
68.0
63.0
47.0
61.0
58.0
93.0
97.0
91.0
73.0
36.0
27.0
32.0
20.0
22.0
27.0
93.0
79.0
63.0
30.0
40.0
68.0
72.0
89.0
26.0
50.0
28.0
49.0
55.0
79.0
100.0
37.0
75.0
85.0
79.0
48.0
31.0
91.0
82.0
76.0
40.0
30.0
24.0
65.0
39.0
87.0
20.0
75.0
65.0
94.0
95.0
85.0
64.0
37.0
63.0
71.0
44.0
41.0
52.0
21.0
100.0
53.0
27.0
66.0
22.0
84.0
59.0
43.0
85.0
26.0
83.0
33.0
55.0
72.0
38.0
89.0
80.0
39.0
45.0
35.0
37.0
84.0
87.0
32.0
64.0
22.0
35.0
36.0
77.0
22.0
70.0
28.0
30.0
41.0
59.0
20.0
37.0
89.0
53.0
76.0
75.0
96.0
43.0
48.0
52.0
34.0
28.0
34.0
76.0
52.0
54.0
35.0
31.0
45.0
70.0
72.0
49.0
45.0
59.0
56.0
64.0
56.0
31.0
80.0
58.0
72.0
100.0
39.0
21.0
59.0
75.0
27.0
88.0
80.0
84.0
21.0
39.0
77.0
20.0
63.0
47.0
84.0
50.0
94.0
28.0
20.0
36.0
94.0
57.0
38.0
61.0
68.0
73.0
92.0
80.0
63.0
58.0
74.0
97.0
36.0
30.0
85.0
55.0
71.0
68.0
58.0
98.0
80.0
66.0
24.0
76.0
38.0
45.0
84.0
67.0
59.0
54.0
24.0
49.0
62.0
71.0
90.0
27.0
62.0
20.0
89.0
39.0
32.0
55.0
64.0
68.0
20.0
64.0
67.0
73.0
45.0
77.0
82.0
78.0
52.0
28.0
59.0
93.0
35.0
71.0
84.0
97.0
38.0
65.0
86.0
93.0
21.0
99.0
32.0
74.0
64.0
30.0
66.0
79.0
80.0
25.0
37.0
84.0
77.0
75.0
73.0
89.0
47.0
34.0
56.0
70.0
64.0
32.0
26.0
83.0
94.0
64.0
50.0
40.0
36.0
61.0
36.0
66.0
27.0
53.0
99.0
22.0
24.0
23.0
86.0
99.0
65.0
78.0
24.0
27.0
59.0
29.0
73.0
64.0
81.0
49.0
92.0
25.0
63.0
30.0
96.0
100.0
39.0
