u500_03
150.0 500 204
64.0
42.0
86.0
65.0
47.0
68.0
20.0
45.0
69.0
78.0
44.0
96.0
50.0
27.0
58.0
55.0
81.0
87.0
76.0
38.0
79.0
71.0
60.0
76.0
91.0
69.0
77.0
57.0
33.0
22.0
76.0
51.0
66.0
90.0
34.0
46.0
74.0
62.0
93.0
74.0
29.0
22.0
73.0
26.0
72.0
41.0
91.0
88.0
95.0
35.0
84.0
32.0
59.0
56.0
84.0
71.0
78.0
82.0
78.0
52.0
71.0
26.0
66.0
84.0
76.0
95.0
80.0
50.0
53.0
30.0
82.0
38.0
45.0
99.0
51.0
98.0
100.0
88.0
81.0
77.0
99.0
97.0
31.0
54.0
47.0
45.0
36.0
96.0
96.0
74.0
77.0
98.0
69.0
22.0
40.0
39.0
81.0
90.0
73.0
84.0
53.0
73.0
81.0
51.0
38.0
43.0
64.0
28.0
83.0
28.0
66.0
22.0
56.0
61.0
72.0
69.0
55.0
20.0
50.0
52.0
95.0
89.0
32.0
60.0
29.0
90.0
20.0
90.0
41.0
37.0
95.0
20.0
84.0
33.0
28.0
40.0
91.0
39.0
63.0
66.0
29.0
74.0
97.0
41.0
81.0
53.0
22.0
32.0
91.0
61.0
33.0
91.0
55.0
56.0
57.0
44.0
60.0
55.0
92.0
39.0
38.0
100.0
30.0
65.0
22.0
78.0
84.0
32.0
51.0
52.0
47.0
62.0
63.0
25.0
42.0
59.0
24.0
88.0
61.0
71.0
23.0
48.0
78.0
85.0
92.0
39.0
31.0
76.0
87.0
54.0
61.0
66.0
40.0
22.0
74.0
99.0
96.0
73.0
24.0
43.0
93.0
47.0
51.0
22.0
49.0
39.0
21.0
72.0
93.0
72.0
49.0
68.0
71.0
82.0
44.0
25.0
82.0
74.0
59.0
28.0
33.0
61.0
90.0
97.0
62.0
42.0
100.0
50.0
31.0
84.0
81.0
27.0
45.0
84.0
54.0
34.0
79.0
100.0
63.0
48.0
68.0
46.0
74.0
65.0
35.0
66.0
53.0
27.0
70.0
86.0
49.0
45.0
86.0
74.0
64.0
73.0
93.0
34.0
97.0
80.0
24.0
87.0
100.0
75.0
89.0
78.0
46.0
31.0
68.0
63.0
78.0
28.0
96.0
54.0
64.0
31.0
65.0
90.0
41.0
47.0
71.0
51.0
63.0
44.0
93.0
46.0
46.0
83.0
68.0
57.0
89.0
35.0
99.0
39.0
24.0
69.0
64.0
25.0
85.0
65.0
81.0
61.0
40.0
64.0
88.0
43.0
99.0
53.0
98.0
70.0
38.0
75.0
23.0
80.0
72.0
97.0
89.0
80.0
38.0
30.0
34.0
22.0
61.0
48.0
22.0
28.0
99.0
55.0
89.0
67.0
24.0
27.0
91.0
90.0
20.0
36.0
77.0
44.0
24.0
60.0
96.0
83.0
53.0
76.0
27.0
91.0
58.0
78.0
23.0
31.0
99.0
42.0
64.0
39.0
73.0
43.0
36.0
76.0
97.0
41.0
90.0
24.0
82.0
55.0
93.0
63.0
61.0
39.0
73.0
54.0
77.0
100.0
46.0
69.0
74.0
41.0
32.0
56.0
68.0
98.0
61.0
28.0
21.0
30.0
47.0
43.0
54.0
33.0
31.0
38.0
49.0
40.0
44.0
93.0
20.0
81.0
71.0
36.0
71.0
36.0
42.0
56.0
85.0
23.0
86.0
88.0
95.0
61.0
41.0
34.0
74.0
37.0
82.0
30.0
98.0
86.0
37.0
93.0
100.0
69.0
25.0
54.0
47.0
58.0
50.0
87.0
90.0
45.0
71.0
70.0
38.0
49.0
42.0
33.0
78.0
48.0
94.0
99.0
100.0
84.0
91.0
27.0
69.0
52.0
64.0
99.0
30.0
34.0
55.0
96.0
92.0
48.0
88.0
76.0
38.0
73.0
90.0
99.0
45.0
84.0
94.0
82.0
28.0
35.0
94.0
100.0
44.0
23.0
58.0
23.0
35.0
84.0
75.0
30.0
58.0
61.0
61.0
100.0
63.0
99.0
85.0
60.0
78.0
56.0
76.0
61.0
59.0
93.0
83.0
84.0
89.0
59.0
75.0
32.0
21.0
62.0
27.0
64.0
44.0
83.0
