u500_11
150.0 500 200
52.0
77.0
82.0
54.0
60.0
91.0
86.0
68.0
29.0
52.0
42.0
47.0
55.0
61.0
70.0
71.0
24.0
62.0
36.0
91.0
66.0
33.0
57.0
34.0
36.0
26.0
89.0
61.0
61.0
92.0
79.0
84.0
47.0
85.0
72.0
25.0
35.0
66.0
72.0
55.0
66.0
21.0
94.0
87.0
66.0
31.0
72.0
49.0
55.0
75.0
44.0
76.0
77.0
63.0
59.0
40.0
67.0
85.0
83.0
64.0
29.0
41.0
23.0
72.0
70.0
52.0
41.0
57.0
26.0
21.0
84.0
24.0
48.0
36.0
71.0
84.0
21.0
35.0
92.0
89.0
59.0
59.0
24.0
45.0
96.0
80.0
32.0
27.0
25.0
44.0
100.0
74.0
60.0
55.0
86.0
48.0
100.0
52.0
53.0
26.0
99.0
85.0
43.0
64.0
70.0
84.0
75.0
73.0
28.0
40.0
75.0
87.0
89.0
93.0
93.0
34.0
58.0
88.0
21.0
36.0
38.0
28.0
70.0
32.0
70.0
37.0
42.0
54.0
25.0
95.0
79.0
86.0
25.0
47.0
37.0
81.0
79.0
30.0
67.0
63.0
99.0
38.0
64.0
98.0
84.0
67.0
38.0
36.0
93.0
38.0
43.0
84.0
35.0
94.0
83.0
38.0
85.0
80.0
86.0
64.0
79.0
31.0
91.0
34.0
46.0
60.0
22.0
38.0
22.0
87.0
20.0
97.0
76.0
100.0
81.0
20.0
34.0
46.0
100.0
93.0
66.0
31.0
23.0
42.0
22.0
32.0
58.0
78.0
41.0
73.0
99.0
38.0
87.0
92.0
58.0
32.0
25.0
59.0
45.0
42.0
63.0
21.0
53.0
53.0
26.0
93.0
42.0
27.0
51.0
61.0
99.0
45.0
84.0
79.0
95.0
91.0
23.0
88.0
40.0
98.0
21.0
45.0
30.0
70.0
46.0
75.0
25.0
40.0
53.0
51.0
44.0
71.0
79.0
68.0
43.0
64.0
82.0
60.0
78.0
69.0
95.0
38.0
59.0
90.0
22.0
68.0
46.0
73.0
69.0
69.0
25.0
42.0
83.0
31.0
36.0
47.0
82.0
74.0
72.0
96.0
87.0
41.0
21.0
27.0
42.0
22.0
31.0
95.0
38.0
90.0
94.0
78.0
97.0
31.0
35.0
32.0
82.0
33.0
87.0
89.0
70.0
39.0
41.0
61.0
48.0
47.0
57.0
64.0
82.0
20.0
37.0
50.0
32.0
94.0
72.0
44.0
90.0
92.0
82.0
30.0
89.0
95.0
56.0
79.0
21.0
27.0
91.0
78.0
69.0
47.0
36.0
100.0
20.0
32.0
43.0
64.0
68.0
63.0
42.0
91.0
61.0
37.0
36.0
59.0
99.0
38.0
26.0
76.0
81.0
95.0
22.0
88.0
40.0
23.0
64.0
93.0
55.0
27.0
28.0
68.0
78.0
80.0
99.0
90.0
52.0
98.0
57.0
34.0
51.0
37.0
38.0
22.0
44.0
87.0
92.0
93.0
43.0
86.0
51.0
59.0
86.0
71.0
83.0
27.0
49.0
89.0
38.0
72.0
56.0
79.0
63.0
92.0
90.0
64.0
46.0
66.0
93.0
54.0
59.0
94.0
87.0
87.0
35.0
74.0
57.0
58.0
33.0
79.0
50.0
40.0
92.0
67.0
99.0
52.0
36.0
72.0
63.0
98.0
69.0
32.0
61.0
38.0
32.0
31.0
42.0
81.0
31.0
55.0
81.0
44.0
71.0
67.0
93.0
32.0
69.0
68.0
93.0
61.0
42.0
63.0
85.0
62.0
71.0
35.0
40.0
64.0
22.0
66.0
92.0
93.0
66.0
93.0
22.0
26.0
97.0
61.0
58.0
87.0
26.0
59.0
43.0
71.0
65.0
30.0
55.0
88.0
40.0
88.0
78.0
95.0
61.0
54.0
23.0
56.0
38.0
46.0
41.0
45.0
51.0
29.0
50.0
28.0
73.0
66.0
30.0
40.0
98.0
72.0
88.0
97.0
94.0
32.0
46.0
66.0
92.0
60.0
21.0
65.0
64.0
89.0
93.0
87.0
57.0
62.0
48.0
83.0
76.0
36.0
28.0
72.0
50.0
96.0
46.0
36.0
76.0
38.0
88.0
98.0
25.0
28.0
