u500_17
150.0 500 198
67.0
25.0
24.0
33.0
75.0
71.0
38.0
24.0
62.0
71.0
88.0
83.0
34.0
49.0
91.0
34.0
33.0
38.0
85.0
83.0
39.0
68.0
33.0
99.0
41.0
47.0
24.0
32.0
25.0
98.0
66.0
99.0
96.0
28.0
98.0
91.0
60.0
74.0
64.0
63.0
31.0
43.0
94.0
32.0
23.0
95.0
28.0
40.0
52.0
77.0
38.0
48.0
79.0
40.0
42.0
54.0
39.0
42.0
30.0
54.0
95.0
31.0
71.0
23.0
58.0
94.0
70.0
56.0
61.0
41.0
37.0
45.0
21.0
54.0
74.0
44.0
92.0
90.0
92.0
89.0
26.0
94.0
79.0
31.0
67.0
36.0
91.0
73.0
98.0
52.0
67.0
75.0
61.0
37.0
64.0
29.0
56.0
34.0
87.0
26.0
42.0
100.0
40.0
29.0
78.0
70.0
59.0
27.0
43.0
59.0
82.0
63.0
76.0
52.0
28.0
66.0
56.0
83.0
62.0
98.0
55.0
98.0
57.0
49.0
95.0
89.0
57.0
69.0
79.0
77.0
44.0
22.0
70.0
87.0
91.0
43.0
42.0
40.0
67.0
59.0
49.0
99.0
60.0
22.0
20.0
35.0
23.0
36.0
98.0
82.0
82.0
57.0
85.0
83.0
85.0
56.0
66.0
37.0
41.0
33.0
82.0
21.0
42.0
99.0
78.0
72.0
36.0
20.0
91.0
34.0
44.0
90.0
88.0
89.0
64.0
96.0
78.0
30.0
78.0
57.0
51.0
30.0
96.0
90.0
35.0
49.0
69.0
49.0
77.0
80.0
24.0
44.0
67.0
28.0
48.0
80.0
35.0
46.0
44.0
40.0
76.0
99.0
86.0
84.0
93.0
25.0
71.0
25.0
66.0
27.0
80.0
57.0
96.0
51.0
28.0
82.0
94.0
48.0
40.0
65.0
54.0
92.0
23.0
72.0
81.0
37.0
71.0
72.0
40.0
95.0
31.0
39.0
25.0
90.0
77.0
73.0
25.0
57.0
67.0
21.0
23.0
70.0
39.0
35.0
68.0
91.0
21.0
21.0
46.0
57.0
67.0
60.0
24.0
89.0
82.0
72.0
20.0
44.0
37.0
91.0
29.0
27.0
84.0
91.0
87.0
34.0
31.0
20.0
73.0
36.0
99.0
29.0
21.0
57.0
74.0
38.0
78.0
98.0
69.0
43.0
84.0
77.0
61.0
79.0
91.0
49.0
89.0
32.0
23.0
83.0
21.0
90.0
85.0
77.0
100.0
94.0
23.0
52.0
71.0
84.0
85.0
98.0
31.0
20.0
69.0
92.0
25.0
74.0
97.0
34.0
61.0
47.0
87.0
28.0
82.0
85.0
97.0
93.0
40.0
23.0
37.0
46.0
70.0
94.0
30.0
74.0
47.0
57.0
33.0
32.0
82.0
67.0
53.0
80.0
64.0
21.0
48.0
57.0
43.0
64.0
88.0
25.0
27.0
90.0
67.0
87.0
67.0
28.0
71.0
21.0
20.0
72.0
93.0
44.0
86.0
85.0
39.0
78.0
54.0
71.0
48.0
74.0
54.0
93.0
52.0
53.0
51.0
48.0
62.0
36.0
48.0
98.0
26.0
70.0
50.0
42.0
32.0
36.0
36.0
85.0
35.0
59.0
53.0
60.0
70.0
66.0
64.0
60.0
29.0
52.0
41.0
28.0
39.0
96.0
22.0
44.0
43.0
83.0
64.0
55.0
50.0
52.0
99.0
71.0
54.0
31.0
34.0
80.0
82.0
82.0
77.0
54.0
67.0
66.0
58.0
49.0
57.0
37.0
27.0
83.0
68.0
86.0
92.0
65.0
31.0
96.0
100.0
45.0
68.0
58.0
29.0
53.0
80.0
57.0
61.0
27.0
87.0
86.0
51.0
73.0
37.0
67.0
77.0
25.0
38.0
88.0
93.0
86.0
23.0
98.0
77.0
27.0
40.0
85.0
71.0
73.0
57.0
96.0
25.0
25.0
62.0
30.0
94.0
39.0
68.0
53.0
36.0
62.0
66.0
44.0
38.0
81.0
59.0
96.0
83.0
82.0
46.0
48.0
67.0
79.0
25.0
32.0
74.0
45.0
70.0
81.0
24.0
73.0
22.0
74.0
69.0
36.0
43.0
73.0
52.0
69.0
95.0
96.0
40.0
67.0
