u500_14
150.0 500 204
36.0
35.0
92.0
88.0
49.0
89.0
23.0
86.0
80.0
65.0
21.0
47.0
55.0
27.0
99.0
35.0
40.0
88.0
45.0
90.0
54.0
40.0
24.0
41.0
91.0
73.0
99.0
59.0
96.0
85.0
72.0
32.0
20.0
36.0
61.0
36.0
39.0
24.0
50.0
94.0
22.0
63.0
45.0
48.0
27.0
56.0
51.0
56.0
83.0
41.0
49.0
70.0
90.0
75.0
85.0
58.0
47.0
98.0
26.0
44.0
31.0
32.0
36.0
74.0
48.0
34.0
96.0
36.0
96.0
35.0
39.0
59.0
38.0
52.0
34.0
96.0
45.0
77.0
29.0
59.0
76.0
48.0
95.0
78.0
77.0
60.0
66.0
68.0
22.0
34.0
46.0
73.0
92.0
20.0
34.0
39.0
76.0
100.0
76.0
24.0
42.0
79.0
72.0
74.0
69.0
27.0
69.0
26.0
97.0
71.0
78.0
67.0
42.0
62.0
97.0
20.0
43.0
79.0
30.0
81.0
69.0
33.0
47.0
58.0
83.0
28.0
20.0
48.0
29.0
76.0
21.0
69.0
71.0
93.0
67.0
40.0
74.0
49.0
51.0
71.0
27.0
47.0
28.0
100.0
74.0
74.0
95.0
23.0
63.0
38.0
35.0
78.0
27.0
76.0
52.0
93.0
32.0
38.0
71.0
64.0
83.0
49.0
44.0
66.0
100.0
21.0
97.0
95.0
51.0
55.0
97.0
28.0
77.0
98.0
65.0
20.0
44.0
60.0
38.0
31.0
61.0
81.0
97.0
31.0
41.0
92.0
26.0
96.0
48.0
52.0
49.0
47.0
42.0
53.0
82.0
99.0
90.0
20.0
41.0
88.0
21.0
94.0
87.0
50.0
61.0
84.0
62.0
54.0
89.0
69.0
43.0
52.0
42.0
93.0
64.0
85.0
86.0
42.0
64.0
44.0
45.0
82.0
20.0
87.0
27.0
29.0
75.0
55.0
97.0
20.0
86.0
48.0
24.0
38.0
56.0
25.0
70.0
80.0
78.0
21.0
62.0
64.0
48.0
69.0
22.0
87.0
61.0
58.0
77.0
41.0
86.0
95.0
58.0
65.0
88.0
62.0
96.0
79.0
30.0
100.0
56.0
79.0
49.0
68.0
55.0
82.0
45.0
100.0
92.0
20.0
49.0
69.0
67.0
74.0
44.0
61.0
20.0
86.0
52.0
89.0
83.0
78.0
100.0
25.0
100.0
73.0
21.0
100.0
52.0
47.0
48.0
95.0
71.0
22.0
79.0
97.0
50.0
85.0
68.0
44.0
74.0
74.0
75.0
23.0
52.0
83.0
76.0
93.0
100.0
85.0
77.0
78.0
30.0
78.0
89.0
45.0
56.0
73.0
81.0
53.0
91.0
52.0
44.0
80.0
47.0
56.0
70.0
30.0
52.0
52.0
47.0
95.0
98.0
75.0
81.0
76.0
21.0
62.0
51.0
57.0
56.0
56.0
46.0
54.0
36.0
100.0
62.0
51.0
75.0
35.0
72.0
47.0
27.0
86.0
27.0
33.0
25.0
30.0
72.0
98.0
52.0
34.0
31.0
21.0
36.0
61.0
41.0
57.0
81.0
20.0
47.0
26.0
47.0
96.0
39.0
80.0
90.0
96.0
78.0
46.0
92.0
31.0
83.0
91.0
68.0
85.0
73.0
49.0
46.0
90.0
59.0
84.0
25.0
23.0
49.0
98.0
25.0
87.0
75.0
32.0
95.0
39.0
44.0
100.0
40.0
69.0
75.0
25.0
71.0
97.0
91.0
62.0
26.0
96.0
69.0
76.0
83.0
64.0
25.0
63.0
33.0
30.0
77.0
51.0
100.0
84.0
22.0
60.0
37.0
52.0
58.0
75.0
99.0
98.0
35.0
71.0
43.0
21.0
64.0
69.0
62.0
81.0
71.0
96.0
73.0
76.0
74.0
100.0
95.0
70.0
59.0
44.0
88.0
100.0
45.0
73.0
57.0
70.0
93.0
66.0
95.0
34.0
34.0
62.0
95.0
60.0
26.0
33.0
74.0
82.0
62.0
46.0
87.0
26.0
93.0
61.0
38.0
73.0
92.0
93.0
57.0
98.0
97.0
24.0
67.0
71.0
82.0
56.0
81.0
34.0
56.0
55.0
60.0
37.0
31.0
66.0
93.0
96.0
45.0
32.0
